6a9c2d5770b6e78ca3450f62d67b08fc	Ammodytes_americanus	100.000	106	0	0	1	106	505	610	8.87e-50	196
6a9c2d5770b6e78ca3450f62d67b08fc	Ammodytes_dubius	100.000	106	0	0	1	106	505	610	8.87e-50	196
6a9c2d5770b6e78ca3450f62d67b08fc	Ammodytes_americanus	100.000	106	0	0	1	106	505	610	8.87e-50	196
6a9c2d5770b6e78ca3450f62d67b08fc	Ammodytes_dubius	100.000	106	0	0	1	106	505	610	8.87e-50	196
ea364c182199815b78fc2630a9b4d6be	Pristipomoides_typus	100.000	107	0	0	1	107	31	137	2.50e-50	198
ea364c182199815b78fc2630a9b4d6be	Caesio_cuning	100.000	107	0	0	1	107	31	137	2.50e-50	198
57e83a29cfecdba4509d02c3e9d610a3	Merluccius_bilinearis	100.000	106	0	0	1	106	193	298	8.87e-50	196
30a623f128fb722f5fc16dbb86582d53	Sprattus_sprattus	100.000	106	0	0	1	106	509	614	8.87e-50	196
30a623f128fb722f5fc16dbb86582d53	Clupea_pallasii	100.000	106	0	0	1	106	508	613	8.87e-50	196
30a623f128fb722f5fc16dbb86582d53	Sprattus_sprattus	100.000	106	0	0	1	106	20	125	8.87e-50	196
30a623f128fb722f5fc16dbb86582d53	Clupea_harengus	100.000	106	0	0	1	106	20	125	8.87e-50	196
30a623f128fb722f5fc16dbb86582d53	Clupea_harengus	100.000	106	0	0	1	106	1	106	8.87e-50	196
30a623f128fb722f5fc16dbb86582d53	Sprattus_sprattus	100.000	106	0	0	1	106	1	106	8.87e-50	196
30a623f128fb722f5fc16dbb86582d53	Clupea_harengus	100.000	106	0	0	1	106	508	613	8.87e-50	196
30a623f128fb722f5fc16dbb86582d53	Sprattus_sprattus	100.000	106	0	0	1	106	509	614	8.87e-50	196
30a623f128fb722f5fc16dbb86582d53	Clupea_harengus	100.000	106	0	0	1	106	508	613	8.87e-50	196
30a623f128fb722f5fc16dbb86582d53	Clupea_harengus	100.000	106	0	0	1	106	508	613	8.87e-50	196
9e985443e4cd6cdec8bd0d1d325c53d9	Urophycis_tenuis	100.000	107	0	0	1	107	256	362	2.50e-50	198
9e985443e4cd6cdec8bd0d1d325c53d9	Urophycis_chuss	100.000	107	0	0	1	107	156	262	2.50e-50	198
9e985443e4cd6cdec8bd0d1d325c53d9	Urophycis_tenuis	100.000	107	0	0	1	107	156	262	2.50e-50	198
9e985443e4cd6cdec8bd0d1d325c53d9	Urophycis_regia	100.000	107	0	0	1	107	155	261	2.50e-50	198
df263dae379496c7e522db8a7dbc01c9	Scomber_scombrus	100.000	107	0	0	1	107	507	613	2.50e-50	198
df263dae379496c7e522db8a7dbc01c9	Scomber_scombrus	100.000	107	0	0	1	107	20	126	2.50e-50	198
df263dae379496c7e522db8a7dbc01c9	Scomber_scombrus	100.000	107	0	0	1	107	507	613	2.50e-50	198
df263dae379496c7e522db8a7dbc01c9	Scomber_scombrus	100.000	107	0	0	1	107	3	109	2.50e-50	198
df263dae379496c7e522db8a7dbc01c9	Scomber_scombrus	100.000	107	0	0	1	107	507	613	2.50e-50	198
1186c621e048e637a49024762b3750e7	Pseudopleuronectes_yokohamae	100.000	106	0	0	1	106	506	611	8.87e-50	196
1186c621e048e637a49024762b3750e7	Pseudopleuronectes_americanus	100.000	106	0	0	1	106	281	386	8.87e-50	196
1186c621e048e637a49024762b3750e7	Myzopsetta_ferruginea	100.000	106	0	0	1	106	281	386	8.87e-50	196
1186c621e048e637a49024762b3750e7	Pleuronectes_platessa	100.000	106	0	0	1	106	20	125	8.87e-50	196
1186c621e048e637a49024762b3750e7	Limanda_limanda	100.000	106	0	0	1	106	20	125	8.87e-50	196
1186c621e048e637a49024762b3750e7	Platichthys_flesus	100.000	106	0	0	1	106	20	125	8.87e-50	196
1186c621e048e637a49024762b3750e7	Limanda_limanda	100.000	106	0	0	1	106	506	611	8.87e-50	196
1186c621e048e637a49024762b3750e7	Limanda_sakhalinensis	100.000	106	0	0	1	106	191	296	8.87e-50	196
1186c621e048e637a49024762b3750e7	Limanda_sakhalinensis	100.000	106	0	0	1	106	191	296	8.87e-50	196
1186c621e048e637a49024762b3750e7	Limanda_sakhalinensis	100.000	106	0	0	1	106	191	296	8.87e-50	196
c030ecad0cd0504068af5f150dc7b103	Dasycottus_setiger	100.000	106	0	0	1	106	508	613	8.87e-50	196
c030ecad0cd0504068af5f150dc7b103	Myoxocephalus_quadricornis	100.000	106	0	0	1	106	505	610	8.87e-50	196
c030ecad0cd0504068af5f150dc7b103	Gymnocanthus_tricuspis	100.000	106	0	0	1	106	506	611	8.87e-50	196
c030ecad0cd0504068af5f150dc7b103	Myoxocephalus_jaok	100.000	106	0	0	1	106	506	611	8.87e-50	196
c030ecad0cd0504068af5f150dc7b103	Cottiusculus_nihonkaiensis	100.000	106	0	0	1	106	508	613	8.87e-50	196
c030ecad0cd0504068af5f150dc7b103	Myoxocephalus_scorpius	100.000	106	0	0	1	106	506	611	8.87e-50	196
c030ecad0cd0504068af5f150dc7b103	Gymnocanthus_herzensteini	100.000	106	0	0	1	106	506	611	8.87e-50	196
c030ecad0cd0504068af5f150dc7b103	Gymnocanthus_intermedius	100.000	106	0	0	1	106	507	612	8.87e-50	196
c030ecad0cd0504068af5f150dc7b103	Icelus_spatula	100.000	106	0	0	1	106	505	610	8.87e-50	196
c030ecad0cd0504068af5f150dc7b103	Enophrys_diceraus	100.000	106	0	0	1	106	506	611	8.87e-50	196
8a63d772aa851473fb3224da1539870b	Tautogolabrus_adspersus	100.000	106	0	0	1	106	440	545	8.87e-50	196
bcbd43d985c17b122ecef7c3c46ae4d1	Pomatomus_saltatrix	100.000	108	0	0	1	108	514	621	7.02e-51	200
bcbd43d985c17b122ecef7c3c46ae4d1	Pomatomus_saltatrix	100.000	108	0	0	1	108	445	552	7.02e-51	200
bcbd43d985c17b122ecef7c3c46ae4d1	Pomatomus_saltatrix	100.000	108	0	0	1	108	514	621	7.02e-51	200
0c345c9a2aa92abab556aa04441cf718	Brevoortia_tyrannus	100.000	106	0	0	1	106	506	611	8.87e-50	196
0c345c9a2aa92abab556aa04441cf718	Brevoortia_tyrannus	100.000	106	0	0	1	106	195	300	8.87e-50	196
0c345c9a2aa92abab556aa04441cf718	Brevoortia_tyrannus	100.000	106	0	0	1	106	159	264	8.87e-50	196
0c345c9a2aa92abab556aa04441cf718	Brevoortia_tyrannus	100.000	106	0	0	1	106	506	611	8.87e-50	196
c9bb5d5fc530c1dca2f73a53bb77141c	Gadus_morhua	100.000	106	0	0	1	106	511	616	8.87e-50	196
c9bb5d5fc530c1dca2f73a53bb77141c	Gadus_macrocephalus	100.000	106	0	0	1	106	511	616	8.87e-50	196
c9bb5d5fc530c1dca2f73a53bb77141c	Arctogadus_glacialis	100.000	106	0	0	1	106	512	617	8.87e-50	196
c9bb5d5fc530c1dca2f73a53bb77141c	Merlangius_merlangus	100.000	106	0	0	1	106	512	617	8.87e-50	196
c9bb5d5fc530c1dca2f73a53bb77141c	Gadus_chalcogrammus	100.000	106	0	0	1	106	512	617	8.87e-50	196
c9bb5d5fc530c1dca2f73a53bb77141c	Gadus_morhua	100.000	106	0	0	1	106	511	616	8.87e-50	196
c9bb5d5fc530c1dca2f73a53bb77141c	Gadus_morhua	100.000	106	0	0	1	106	511	616	8.87e-50	196
c9bb5d5fc530c1dca2f73a53bb77141c	Gadus_chalcogrammus	100.000	106	0	0	1	106	512	617	8.87e-50	196
c9bb5d5fc530c1dca2f73a53bb77141c	Gadus_chalcogrammus	100.000	106	0	0	1	106	512	617	8.87e-50	196
c9bb5d5fc530c1dca2f73a53bb77141c	Gadus_chalcogrammus	100.000	106	0	0	1	106	512	617	8.87e-50	196
8961e2d14d8b0510763256de80a000a2	Alosa_aestivalis	100.000	106	0	0	1	106	507	612	8.87e-50	196
8961e2d14d8b0510763256de80a000a2	Alosa_mediocris	100.000	106	0	0	1	106	507	612	8.87e-50	196
8961e2d14d8b0510763256de80a000a2	Alosa_alabamae	100.000	106	0	0	1	106	508	613	8.87e-50	196
8961e2d14d8b0510763256de80a000a2	Alosa_sapidissima	100.000	106	0	0	1	106	508	613	8.87e-50	196
8961e2d14d8b0510763256de80a000a2	Alosa_pseudoharengus	100.000	106	0	0	1	106	507	612	8.87e-50	196
8961e2d14d8b0510763256de80a000a2	Alosa_alosa	100.000	106	0	0	1	106	507	612	8.87e-50	196
8961e2d14d8b0510763256de80a000a2	Alosa_aestivalis	100.000	106	0	0	1	106	507	612	8.87e-50	196
8961e2d14d8b0510763256de80a000a2	Alosa_sapidissima	100.000	106	0	0	1	106	196	301	8.87e-50	196
8961e2d14d8b0510763256de80a000a2	Alosa_sapidissima	100.000	106	0	0	1	106	196	301	8.87e-50	196
8961e2d14d8b0510763256de80a000a2	Alosa_mediocris	100.000	106	0	0	1	106	191	296	8.87e-50	196
9c8a7b893d0fdaf8c1c89606cfce1c08	Enchelyopus_cimbrius	100.000	106	0	0	1	106	155	260	8.87e-50	196
b98d245c042075fa94c4a01ffd4f9db8	Peprilus_triacanthus	100.000	106	0	0	1	106	189	294	8.87e-50	196
14f5a1d4993cbbaac9426a2ccb964d26	Lophius_americanus	100.000	106	0	0	1	106	511	616	8.87e-50	196
14f5a1d4993cbbaac9426a2ccb964d26	Lophius_americanus	100.000	106	0	0	1	106	192	297	8.87e-50	196
14f5a1d4993cbbaac9426a2ccb964d26	Lophius_americanus	100.000	106	0	0	1	106	441	546	8.87e-50	196
14f5a1d4993cbbaac9426a2ccb964d26	Lophius_americanus	100.000	106	0	0	1	106	511	616	8.87e-50	196
c29b9fc8c224b8543b9d6b76a84da589	Pollachius_pollachius	100.000	106	0	0	1	106	512	617	8.87e-50	196
c29b9fc8c224b8543b9d6b76a84da589	Pollachius_virens	100.000	106	0	0	1	106	512	617	8.87e-50	196
c29b9fc8c224b8543b9d6b76a84da589	Pollachius_pollachius	100.000	106	0	0	1	106	20	125	8.87e-50	196
c29b9fc8c224b8543b9d6b76a84da589	Pollachius_virens	100.000	106	0	0	1	106	21	126	8.87e-50	196
c29b9fc8c224b8543b9d6b76a84da589	Merlangius_merlangus	100.000	106	0	0	1	106	20	125	8.87e-50	196
c29b9fc8c224b8543b9d6b76a84da589	Merlangius_merlangus	100.000	106	0	0	1	106	195	300	8.87e-50	196
c29b9fc8c224b8543b9d6b76a84da589	Pollachius_pollachius	100.000	106	0	0	1	106	199	304	8.87e-50	196
c29b9fc8c224b8543b9d6b76a84da589	Pollachius_pollachius	100.000	106	0	0	1	106	199	304	8.87e-50	196
c29b9fc8c224b8543b9d6b76a84da589	Pollachius_virens	100.000	106	0	0	1	106	173	278	8.87e-50	196
c29b9fc8c224b8543b9d6b76a84da589	Pollachius_virens	100.000	106	0	0	1	106	197	302	8.87e-50	196
de8339905c2655847248b3084379b474	Brevoortia_tyrannus	100.000	106	0	0	1	106	195	300	8.87e-50	196
fe4a925833d96a18c2fdeac0dd07904e	Hippoglossoides_platessoides	100.000	106	0	0	1	106	281	386	8.87e-50	196
fe4a925833d96a18c2fdeac0dd07904e	Hippoglossoides_platessoides	100.000	106	0	0	1	106	506	611	8.87e-50	196
fe4a925833d96a18c2fdeac0dd07904e	Hippoglossoides_platessoides	100.000	106	0	0	1	106	125	230	8.87e-50	196
fe4a925833d96a18c2fdeac0dd07904e	Pseudopleuronectes_americanus	100.000	106	0	0	1	106	438	543	8.87e-50	196
fe4a925833d96a18c2fdeac0dd07904e	Hippoglossoides_platessoides	100.000	106	0	0	1	106	438	543	8.87e-50	196
c3fc0601758785a42422d73338a27546	Myoxocephalus_octodecemspinosus	100.000	106	0	0	1	106	364	469	8.87e-50	196
c3fc0601758785a42422d73338a27546	Dasycottus_setiger	100.000	104	0	0	1	104	508	611	1.15e-48	193
c3fc0601758785a42422d73338a27546	Myoxocephalus_quadricornis	100.000	104	0	0	1	104	505	608	1.15e-48	193
c3fc0601758785a42422d73338a27546	Gymnocanthus_tricuspis	100.000	104	0	0	1	104	506	609	1.15e-48	193
c3fc0601758785a42422d73338a27546	Myoxocephalus_jaok	100.000	104	0	0	1	104	506	609	1.15e-48	193
c3fc0601758785a42422d73338a27546	Cottiusculus_nihonkaiensis	100.000	104	0	0	1	104	508	611	1.15e-48	193
c3fc0601758785a42422d73338a27546	Myoxocephalus_scorpius	100.000	104	0	0	1	104	506	609	1.15e-48	193
c3fc0601758785a42422d73338a27546	Gymnocanthus_herzensteini	100.000	104	0	0	1	104	506	609	1.15e-48	193
c3fc0601758785a42422d73338a27546	Gymnocanthus_intermedius	100.000	104	0	0	1	104	507	610	1.15e-48	193
c3fc0601758785a42422d73338a27546	Icelus_spatula	100.000	104	0	0	1	104	505	608	1.15e-48	193
c73cefb2b4ac8de08ae0c68341cbb28f	Histiopterus_typus	100.000	106	0	0	1	106	510	615	8.87e-50	196
c73cefb2b4ac8de08ae0c68341cbb28f	Histiopterus_typus	100.000	106	0	0	1	106	510	615	8.87e-50	196
9f6692fd07fb279c0adbba88e344e008	Gadus_morhua	100.000	107	0	0	1	107	511	617	2.50e-50	198
9f6692fd07fb279c0adbba88e344e008	Gadus_macrocephalus	100.000	107	0	0	1	107	511	617	2.50e-50	198
9f6692fd07fb279c0adbba88e344e008	Arctogadus_glacialis	100.000	107	0	0	1	107	512	618	2.50e-50	198
9f6692fd07fb279c0adbba88e344e008	Merlangius_merlangus	100.000	107	0	0	1	107	512	618	2.50e-50	198
9f6692fd07fb279c0adbba88e344e008	Gadus_chalcogrammus	100.000	107	0	0	1	107	512	618	2.50e-50	198
9f6692fd07fb279c0adbba88e344e008	Gadus_morhua	100.000	107	0	0	1	107	511	617	2.50e-50	198
9f6692fd07fb279c0adbba88e344e008	Gadus_morhua	100.000	107	0	0	1	107	511	617	2.50e-50	198
9f6692fd07fb279c0adbba88e344e008	Gadus_chalcogrammus	100.000	107	0	0	1	107	512	618	2.50e-50	198
9f6692fd07fb279c0adbba88e344e008	Gadus_chalcogrammus	100.000	107	0	0	1	107	512	618	2.50e-50	198
9f6692fd07fb279c0adbba88e344e008	Gadus_chalcogrammus	100.000	107	0	0	1	107	512	618	2.50e-50	198
0fb511a8c52441d7c1ed8ee37e080ad6	Leptoclinus_maculatus	100.000	106	0	0	1	106	507	612	8.87e-50	196
0fb511a8c52441d7c1ed8ee37e080ad6	Leptoclinus_maculatus	100.000	106	0	0	1	106	507	612	8.87e-50	196
0fb511a8c52441d7c1ed8ee37e080ad6	Leptoclinus_maculatus	100.000	106	0	0	1	106	507	612	8.87e-50	196
08bd987bd944513cc896ab3b3c3eed38	Hippoglossina_oblonga	100.000	106	0	0	1	106	193	298	8.87e-50	196
088fe13fa02373ceebeefea46a158220	Thunnus_atlanticus	100.000	106	0	0	1	106	506	611	8.87e-50	196
088fe13fa02373ceebeefea46a158220	Thunnus_tonggol	100.000	106	0	0	1	106	506	611	8.87e-50	196
088fe13fa02373ceebeefea46a158220	Thunnus_maccoyii	100.000	106	0	0	1	106	506	611	8.87e-50	196
088fe13fa02373ceebeefea46a158220	Thunnus_albacares	100.000	106	0	0	1	106	506	611	8.87e-50	196
088fe13fa02373ceebeefea46a158220	Thunnus_obesus	100.000	106	0	0	1	106	506	611	8.87e-50	196
088fe13fa02373ceebeefea46a158220	Thunnus_thynnus	100.000	106	0	0	1	106	506	611	8.87e-50	196
088fe13fa02373ceebeefea46a158220	Thunnus_orientalis	100.000	106	0	0	1	106	506	611	8.87e-50	196
088fe13fa02373ceebeefea46a158220	Thunnus_alalunga	100.000	106	0	0	1	106	506	611	8.87e-50	196
088fe13fa02373ceebeefea46a158220	Thunnus_thynnus	100.000	106	0	0	1	106	505	610	8.87e-50	196
088fe13fa02373ceebeefea46a158220	Thunnus_thynnus	100.000	106	0	0	1	106	506	611	8.87e-50	196
4f02a2feb56172509da29f8985949238	Salmo_salar	100.000	106	0	0	1	106	1510	1615	8.87e-50	196
4f02a2feb56172509da29f8985949238	Salmo_salar	100.000	106	0	0	1	106	504	609	8.87e-50	196
4f02a2feb56172509da29f8985949238	Salmo_salar	100.000	106	0	0	1	106	1152	1257	8.87e-50	196
4f02a2feb56172509da29f8985949238	Salmo_salar	100.000	106	0	0	1	106	447	552	8.87e-50	196
4f02a2feb56172509da29f8985949238	Salmo_salar	100.000	106	0	0	1	106	505	610	8.87e-50	196
4f02a2feb56172509da29f8985949238	Salmo_salar	100.000	106	0	0	1	106	505	610	8.87e-50	196
4f02a2feb56172509da29f8985949238	Salmo_salar	100.000	106	0	0	1	106	22	127	8.87e-50	196
4f02a2feb56172509da29f8985949238	Salmo_salar	100.000	106	0	0	1	106	22	127	8.87e-50	196
4f02a2feb56172509da29f8985949238	Salmo_salar	100.000	106	0	0	1	106	22	127	8.87e-50	196
4f02a2feb56172509da29f8985949238	Salmo_salar	100.000	106	0	0	1	106	22	127	8.87e-50	196
be673ad467ff44bc0abd3bb295454550	Scophthalmus_aquosus	100.000	104	0	0	1	104	281	384	1.12e-48	193
be673ad467ff44bc0abd3bb295454550	Scophthalmus_aquosus	100.000	104	0	0	1	104	192	295	1.12e-48	193
bbd6b723329db44753870a56d15bdbd6	Sebastes_norvegicus	100.000	106	0	0	1	106	505	610	8.87e-50	196
bbd6b723329db44753870a56d15bdbd6	Sebastes_oculatus	100.000	106	0	0	1	106	505	610	8.87e-50	196
bbd6b723329db44753870a56d15bdbd6	Sebastes_viviparus	100.000	106	0	0	1	106	505	610	8.87e-50	196
bbd6b723329db44753870a56d15bdbd6	Sebastes_fasciatus	100.000	106	0	0	1	106	505	610	8.87e-50	196
bbd6b723329db44753870a56d15bdbd6	Sebastes_norvegicus	100.000	106	0	0	1	106	505	610	8.87e-50	196
bbd6b723329db44753870a56d15bdbd6	Sebastes_viviparus	100.000	106	0	0	1	106	505	610	8.87e-50	196
bbd6b723329db44753870a56d15bdbd6	Sebastes_oculatus	100.000	106	0	0	1	106	505	610	8.87e-50	196
bbd6b723329db44753870a56d15bdbd6	Sebastes_mentella	100.000	106	0	0	1	106	505	610	8.87e-50	196
bbd6b723329db44753870a56d15bdbd6	Sebastes_viviparus	100.000	106	0	0	1	106	505	610	8.87e-50	196
bbd6b723329db44753870a56d15bdbd6	Sebastes_norvegicus	100.000	106	0	0	1	106	127	232	8.87e-50	196
306c99cefc380f66ec968cc0a350af7d	Pseudopleuronectes_yokohamae	100.000	104	0	0	1	104	506	609	1.15e-48	193
306c99cefc380f66ec968cc0a350af7d	Pseudopleuronectes_americanus	100.000	104	0	0	1	104	281	384	1.15e-48	193
306c99cefc380f66ec968cc0a350af7d	Myzopsetta_ferruginea	100.000	104	0	0	1	104	281	384	1.15e-48	193
306c99cefc380f66ec968cc0a350af7d	Pleuronectes_platessa	100.000	104	0	0	1	104	20	123	1.15e-48	193
306c99cefc380f66ec968cc0a350af7d	Limanda_limanda	100.000	104	0	0	1	104	20	123	1.15e-48	193
306c99cefc380f66ec968cc0a350af7d	Platichthys_flesus	100.000	104	0	0	1	104	20	123	1.15e-48	193
306c99cefc380f66ec968cc0a350af7d	Limanda_limanda	100.000	104	0	0	1	104	1	104	1.15e-48	193
306c99cefc380f66ec968cc0a350af7d	Limanda_limanda	100.000	104	0	0	1	104	1	104	1.15e-48	193
306c99cefc380f66ec968cc0a350af7d	Limanda_limanda	100.000	104	0	0	1	104	506	609	1.15e-48	193
306c99cefc380f66ec968cc0a350af7d	Limanda_sakhalinensis	100.000	104	0	0	1	104	191	294	1.15e-48	193
2a485cd03741c6fe6b14da2f20e691ff	Pristipomoides_typus	100.000	105	0	0	1	105	31	135	3.23e-49	195
2a485cd03741c6fe6b14da2f20e691ff	Caesio_cuning	100.000	105	0	0	1	105	31	135	3.23e-49	195
975b1dbdc7405f6e27bf63893e91e0ed	Centropristis_striata	100.000	106	0	0	1	106	191	296	8.87e-50	196
3caae93eaa8222d3c3c82880d1ea3d6b	Ammodytes_hexapterus	100.000	106	0	0	1	106	505	610	8.87e-50	196
3caae93eaa8222d3c3c82880d1ea3d6b	Ammodytes_hexapterus	100.000	106	0	0	1	106	505	610	8.87e-50	196
01fddebb1fe784a669f47c356f1e788b	Microstomus_kitt	100.000	105	0	0	1	105	1	105	3.19e-49	195
01fddebb1fe784a669f47c356f1e788b	Microstomus_kitt	100.000	105	0	0	1	105	2	106	3.19e-49	195
f953066efe8f75b799b765ee588605ee	Pristipomoides_typus	100.000	106	0	0	2	107	32	137	8.97e-50	196
f953066efe8f75b799b765ee588605ee	Caesio_cuning	100.000	106	0	0	2	107	32	137	8.97e-50	196
7ab0c7132e37d22edf53b5ba769c6b6b	Dasycottus_setiger	100.000	105	0	0	2	106	509	613	3.19e-49	195
7ab0c7132e37d22edf53b5ba769c6b6b	Myoxocephalus_quadricornis	100.000	105	0	0	2	106	506	610	3.19e-49	195
7ab0c7132e37d22edf53b5ba769c6b6b	Gymnocanthus_tricuspis	100.000	105	0	0	2	106	507	611	3.19e-49	195
7ab0c7132e37d22edf53b5ba769c6b6b	Myoxocephalus_jaok	100.000	105	0	0	2	106	507	611	3.19e-49	195
7ab0c7132e37d22edf53b5ba769c6b6b	Cottiusculus_nihonkaiensis	100.000	105	0	0	2	106	509	613	3.19e-49	195
7ab0c7132e37d22edf53b5ba769c6b6b	Myoxocephalus_scorpius	100.000	105	0	0	2	106	507	611	3.19e-49	195
7ab0c7132e37d22edf53b5ba769c6b6b	Gymnocanthus_herzensteini	100.000	105	0	0	2	106	507	611	3.19e-49	195
7ab0c7132e37d22edf53b5ba769c6b6b	Gymnocanthus_intermedius	100.000	105	0	0	2	106	508	612	3.19e-49	195
7ab0c7132e37d22edf53b5ba769c6b6b	Icelus_spatula	100.000	105	0	0	2	106	506	610	3.19e-49	195
7ab0c7132e37d22edf53b5ba769c6b6b	Enophrys_diceraus	100.000	105	0	0	2	106	507	611	3.19e-49	195
8b8c58598b9195c46b3d8c5633ee4004	Ammodytes_americanus	100.000	105	0	0	2	106	506	610	3.19e-49	195
8b8c58598b9195c46b3d8c5633ee4004	Ammodytes_dubius	100.000	105	0	0	2	106	506	610	3.19e-49	195
8b8c58598b9195c46b3d8c5633ee4004	Ammodytes_americanus	100.000	105	0	0	2	106	506	610	3.19e-49	195
8b8c58598b9195c46b3d8c5633ee4004	Ammodytes_dubius	100.000	105	0	0	2	106	506	610	3.19e-49	195
54fd4154bdb8eda3b50d05f4d486fca3	Brevoortia_tyrannus	100.000	104	0	0	3	106	197	300	1.15e-48	193
