6a9c2d5770b6e78ca3450f62d67b08fc	1.00_Northern_sand_lance_Ammodytes_dubius	100.000	106	0	0	1	106	1	106	2.32e-53	196
28e394867578f85b7855d2f9e4df951b	1.00_Scup_Stenotomus_chrysops	100.000	106	0	0	1	106	1	106	2.32e-53	196
28e394867578f85b7855d2f9e4df951b	1.10_Scup99_Stenotomus_chrysops99	99.057	106	1	0	1	106	1	106	1.08e-51	191
57e83a29cfecdba4509d02c3e9d610a3	1.00_Silver_hake_Merluccius_bilinearis	100.000	106	0	0	1	106	1	106	2.32e-53	196
a4bfec56d00b2741e09bd9ec98bd80ae	1.00_Bay_anchovy_Anchoa_mitchilli	100.000	106	0	0	1	106	1	106	2.32e-53	196
a4bfec56d00b2741e09bd9ec98bd80ae	1.10_Bay_anchovy99a_Anchoa_mitchilli99a	99.057	106	1	0	1	106	1	106	1.08e-51	191
a4bfec56d00b2741e09bd9ec98bd80ae	1.00_Silver_anchovy_Engraulis_eurystole	98.113	106	2	0	1	106	1	106	5.03e-50	185
a4bfec56d00b2741e09bd9ec98bd80ae	1.00_Shortfinger_anchovy_Anchoa_lyolepis	98.113	106	2	0	1	106	1	106	5.03e-50	185
ea364c182199815b78fc2630a9b4d6be	3.00_Human_mito1	100.000	107	0	0	1	107	1	107	6.53e-54	198
ea364c182199815b78fc2630a9b4d6be	3.00_Human_mito6	99.065	107	1	0	1	107	1	107	3.04e-52	193
ea364c182199815b78fc2630a9b4d6be	3.00_Human_mito5	99.065	107	1	0	1	107	1	107	3.04e-52	193
ea364c182199815b78fc2630a9b4d6be	3.00_Human_mito4	99.065	107	1	0	1	107	1	107	3.04e-52	193
ea364c182199815b78fc2630a9b4d6be	3.00_Human_mito3	99.065	107	1	0	1	107	1	107	3.04e-52	193
ea364c182199815b78fc2630a9b4d6be	3.00_Human_mito2	99.065	107	1	0	1	107	1	107	3.04e-52	193
ea364c182199815b78fc2630a9b4d6be	3.00_Human_mito7	98.131	107	2	0	1	107	1	107	1.41e-50	187
ea364c182199815b78fc2630a9b4d6be	2.50_Human_chromo_mutS_5	98.131	107	2	0	1	107	1	107	1.41e-50	187
bf509309733cfe62da0a2970c467cff2	3.00_Human_mito2	100.000	107	0	0	1	107	1	107	6.53e-54	198
bf509309733cfe62da0a2970c467cff2	3.00_Human_mito7	99.065	107	1	0	1	107	1	107	3.04e-52	193
bf509309733cfe62da0a2970c467cff2	3.00_Human_mito1	99.065	107	1	0	1	107	1	107	3.04e-52	193
bf509309733cfe62da0a2970c467cff2	3.00_Human_mito6	98.131	107	2	0	1	107	1	107	1.41e-50	187
bf509309733cfe62da0a2970c467cff2	3.00_Human_mito5	98.131	107	2	0	1	107	1	107	1.41e-50	187
bf509309733cfe62da0a2970c467cff2	3.00_Human_mito4	98.131	107	2	0	1	107	1	107	1.41e-50	187
bf509309733cfe62da0a2970c467cff2	3.00_Human_mito3	98.131	107	2	0	1	107	1	107	1.41e-50	187
b98d245c042075fa94c4a01ffd4f9db8	1.00_American_butterfish_Peprilus_triacanthus	100.000	106	0	0	1	106	1	106	2.32e-53	196
1186c621e048e637a49024762b3750e7	1.00_Winter_or_Yellowtail_flounder_Pseudopleuronectes_americanus_or_Pleuronectes_ferrugineus	100.000	106	0	0	1	106	1	106	2.32e-53	196
1186c621e048e637a49024762b3750e7	1.00_Witch_flounder_Glyptocephalus_cynoglossus	99.057	106	1	0	1	106	1	106	1.08e-51	191
1186c621e048e637a49024762b3750e7	1.00_Greenland_halibut_Reinhardtius_hippoglossoides	99.057	106	1	0	1	106	1	106	1.08e-51	191
1186c621e048e637a49024762b3750e7	1.00_Atlantic_halibut_Hippoglossus_sp	98.113	106	2	0	1	106	1	106	5.03e-50	185
1186c621e048e637a49024762b3750e7	1.00_American_plaice_Hippoglossoides_platessoides_also_matches_Winter_flounder_refseq	98.113	106	2	0	1	106	1	106	5.03e-50	185
08bd987bd944513cc896ab3b3c3eed38	1.00_Fourspot_flounder_Hippoglossina_oblonga	100.000	106	0	0	1	106	1	106	2.32e-53	196
9e985443e4cd6cdec8bd0d1d325c53d9	1.00_Red_White_or_Spotted_hake_sp_Urophycis_sp	100.000	107	0	0	1	107	1	107	6.53e-54	198
c9bb5d5fc530c1dca2f73a53bb77141c	1.00_Atlantic_cod_and_haddock	100.000	106	0	0	1	106	1	106	2.32e-53	196
c9bb5d5fc530c1dca2f73a53bb77141c	1.00_Pollock_Polachius_virens_or_Whiting_Merlangus_merlangus	99.057	106	1	0	1	106	1	106	1.08e-51	191
c9bb5d5fc530c1dca2f73a53bb77141c	1.00_cusk_Brosme-brosme	98.113	106	2	0	1	106	1	106	5.03e-50	185
c9bb5d5fc530c1dca2f73a53bb77141c	1.00_Atlantic_cod98_Gadidae98	98.113	106	2	0	1	106	1	106	5.03e-50	185
80b85e59cacd34b78608c1ae7eef2c61	1.00_Mummichog_Fundulus_heteroclitus	100.000	105	0	0	1	105	1	105	8.27e-53	195
80b85e59cacd34b78608c1ae7eef2c61	1.10_Mummichog_Fundulus_heteroclitus_cluster3	99.048	105	1	0	1	105	1	105	3.85e-51	189
80b85e59cacd34b78608c1ae7eef2c61	1.10_Mummichog_Fundulus_heteroclitus_cluster2	99.048	105	1	0	1	105	1	105	3.85e-51	189
f330e9fc8ac0b4fa01bf42c732e0c211	1.00_Weakfish_Cynoscion_regalis	100.000	106	0	0	1	106	1	106	2.32e-53	196
b4f42eade7a87f2cd8f3968640d83f97	1.00_Summer_flounder_Paralichthys_dentatus	100.000	106	0	0	1	106	1	106	2.32e-53	196
b4f42eade7a87f2cd8f3968640d83f97	1.10_Summer_flounder99b_Paralicthys_dentatus99b	99.057	106	1	0	1	106	1	106	1.08e-51	191
b4f42eade7a87f2cd8f3968640d83f97	1.10_Summer_flounder99a	99.057	106	1	0	1	106	1	106	1.08e-51	191
be673ad467ff44bc0abd3bb295454550	1.00_Windowpane_flounder_Scophthalmos_aquosus	100.000	104	0	0	1	104	1	104	2.94e-52	193
4feb4cae27c142cc61d49716415710bb	1.00_Little_tunny_or_skipjack_tuna_Euthynnus_alletteratus_or_Katsuwonus_pelamis	100.000	106	0	0	1	106	1	106	2.32e-53	196
4feb4cae27c142cc61d49716415710bb	1.00_Atlantic_bonito_Sarda_sarda_and_Frigate_or_bullet_tuna_Auxis_thazard_or_rochei	99.057	106	1	0	1	106	1	106	1.08e-51	191
4feb4cae27c142cc61d49716415710bb	1.00_Tuna_sp_Thunnus_sp	98.113	106	2	0	1	106	1	106	5.03e-50	185
8961e2d14d8b0510763256de80a000a2	1.00_Atlantic_menhaden_LS16_or_river_herrings_Clupeidae_sp	100.000	106	0	0	1	106	1	106	2.32e-53	196
8961e2d14d8b0510763256de80a000a2	1.00_Atlantic_menhaden_Brevoortia_tyrannus_LS17	99.057	106	1	0	1	106	1	106	1.08e-51	191
8961e2d14d8b0510763256de80a000a2	1.10_Atlantic_menhaden_LS15_Brevoortia_tyrannus	98.113	106	2	0	1	106	1	106	5.03e-50	185
bcbd43d985c17b122ecef7c3c46ae4d1	1.00_Bluefish_Pomatomus_saltatrix	100.000	108	0	0	1	108	1	108	1.84e-54	200
4c5905c5ab539613d9c3069d0ae54188	2.20_Cow_Bos_taurus	100.000	107	0	0	1	107	1	107	6.53e-54	198
4c5905c5ab539613d9c3069d0ae54188	2.00_American_bison_Bison_bison	98.131	107	2	0	1	107	1	107	1.41e-50	187
0c345c9a2aa92abab556aa04441cf718	1.00_Atlantic_menhaden_Brevoortia_tyrannus_LS17	100.000	106	0	0	1	106	1	106	2.32e-53	196
0c345c9a2aa92abab556aa04441cf718	1.10_Atlantic_menhaden_LS15_Brevoortia_tyrannus	99.057	106	1	0	1	106	1	106	1.08e-51	191
0c345c9a2aa92abab556aa04441cf718	1.00_Atlantic_menhaden_LS16_or_river_herrings_Clupeidae_sp	99.057	106	1	0	1	106	1	106	1.08e-51	191
5d6bb2fed75f92f01e645ffc80d17d36	1.10_Bay_anchovy99a_Anchoa_mitchilli99a	100.000	106	0	0	1	106	1	106	2.32e-53	196
5d6bb2fed75f92f01e645ffc80d17d36	1.00_Bay_anchovy_Anchoa_mitchilli	99.057	106	1	0	1	106	1	106	1.08e-51	191
7ec4dbc3399f639d994fdc65a1b6810e	1.00_Tautog_Tautoga_onitis	100.000	106	0	0	1	106	1	106	2.32e-53	196
7ec4dbc3399f639d994fdc65a1b6810e	1.10_Tautog_Tautoga_onitis_cluster3	99.057	106	1	0	1	106	1	106	1.08e-51	191
7ec4dbc3399f639d994fdc65a1b6810e	1.10_Tautog_Tautoga_onitis_cluster2	99.057	106	1	0	1	106	1	106	1.08e-51	191
7ec4dbc3399f639d994fdc65a1b6810e	1.10_Tautog_cluster4	99.057	106	1	0	1	106	1	106	1.08e-51	191
90781ed131f662c3e5517f2b027624ba	1.00_Gulf_stream_flounder_Citharichthys_arctifrons_MM02	100.000	107	0	0	1	107	1	107	6.53e-54	198
90781ed131f662c3e5517f2b027624ba	1.00_Smallmouth_flounder_Etropus_microstomus	99.065	107	1	0	1	107	1	107	3.04e-52	193
247d1f166656cbbaaeee912195290ae2	2.00_Fin_whale_Balaenoptera_physalus	100.000	106	0	0	1	106	1	106	2.32e-53	196
247d1f166656cbbaaeee912195290ae2	2.00_Humpback_whale	98.077	104	2	0	1	104	1	104	6.51e-49	182
3c506a1e3e37182931687be18414a6a3	2.00_Pig_Sus_scrofa	100.000	106	0	0	1	106	1	106	2.32e-53	196
d26fe7b35e96761f43efea7dd9e9d99f	1.00_American_eel_Anguilla_rostrata	100.000	106	0	0	1	106	1	106	2.32e-53	196
0c98f1ec78d51bf8d5d04f3590d673e9	1.00_Scup_Stenotomus_chrysops	99.057	106	1	0	1	106	1	106	1.08e-51	191
0c98f1ec78d51bf8d5d04f3590d673e9	1.10_Scup99_Stenotomus_chrysops99	98.113	106	2	0	1	106	1	106	5.03e-50	185
ed00c11476e9a07d3441cb0a1073d3ab	1.00_Smallmouth_flounder_Etropus_microstomus	100.000	107	0	0	1	107	1	107	6.53e-54	198
ed00c11476e9a07d3441cb0a1073d3ab	1.00_Gulf_stream_flounder_Citharichthys_arctifrons_MM02	99.065	107	1	0	1	107	1	107	3.04e-52	193
a504d3d01c9cb7ff29e5fe2fa139d5ea	1.00_Scup_Stenotomus_chrysops	99.057	106	1	0	1	106	1	106	1.08e-51	191
a504d3d01c9cb7ff29e5fe2fa139d5ea	1.10_Scup99_Stenotomus_chrysops99	98.113	106	2	0	1	106	1	106	5.03e-50	185
0af1b78539821a4e5d01d9e3f0a4431d	2.00_Humpback_whale	100.000	106	0	0	1	106	1	106	2.32e-53	196
0af1b78539821a4e5d01d9e3f0a4431d	2.00_Pacific_gray_whale	98.113	106	2	0	1	106	1	106	5.03e-50	185
0af1b78539821a4e5d01d9e3f0a4431d	2.00_Fin_whale_Balaenoptera_physalus	98.077	104	2	0	1	104	1	104	6.51e-49	182
e7240a28d05a52722a7570029c9a880b	2.50_Human_chromo_mutS_5	100.000	107	0	0	1	107	1	107	6.53e-54	198
e7240a28d05a52722a7570029c9a880b	3.00_Human_mito1	98.131	107	2	0	1	107	1	107	1.41e-50	187
680475954df3011ebba1033f1b2f2a86	1.00_Northern_sea_robin_Prionotus_carolinus	100.000	106	0	0	1	106	1	106	2.32e-53	196
680475954df3011ebba1033f1b2f2a86	1.10_Northern_sea_robin99_Prionotus_carolinus99	99.057	106	1	0	1	106	1	106	1.08e-51	191
97f21bce91e9ef9f2fb711a011b1a9aa	1.00_Northern_sand_lance_Ammodytes_dubius	99.057	106	1	0	1	106	1	106	1.08e-51	191
c030ecad0cd0504068af5f150dc7b103	1.00_sculpins_Cottidae_sp	100.000	106	0	0	1	106	1	106	2.32e-53	196
c030ecad0cd0504068af5f150dc7b103	1.00_mustache-sculpin_Triglops-murrayi__other-pacifc-sculpins	99.057	106	1	0	1	106	1	106	1.08e-51	191
328c47e95c8b6a4e6e3c7a3700045d71	3.50_Human_numt_332	100.000	109	0	0	1	109	1	109	5.16e-55	202
328c47e95c8b6a4e6e3c7a3700045d71	3.50_Human_numt1	98.095	105	2	0	5	109	3	107	1.87e-49	183
14f5a1d4993cbbaac9426a2ccb964d26	1.00_American_anglerfish_Lophius_americanus	100.000	106	0	0	1	106	1	106	2.32e-53	196
505c903a58abea5138d3d0b6df05e746	1.00_Silver_hake_Merluccius_bilinearis	99.057	106	1	0	1	106	1	106	1.08e-51	191
307c55294ffe3b8aa46fce358d55590e	3.50_Human_chromosome2_erb	100.000	107	0	0	1	107	1	107	6.53e-54	198
c0a3f3ed23f04247d92740a9502f8b57	2.00_Great_black_backed_gull_others	100.000	108	0	0	1	108	1	108	1.84e-54	200
c0a3f3ed23f04247d92740a9502f8b57	2.00_Great_black_backed_gull_and_other_Larus_gulls	100.000	107	0	0	1	107	1	107	6.60e-54	198
c0a3f3ed23f04247d92740a9502f8b57	2.00_Ring_billed_gull_Larus_delawarensis	99.065	107	1	0	1	107	1	107	3.07e-52	193
c0a3f3ed23f04247d92740a9502f8b57	2.00_Laughing_gull_Larus_atricilla	99.065	107	1	0	1	107	1	107	3.07e-52	193
a3f747ef5c8d9003b5743035e78afcee	1.00_American_butterfish_Peprilus_triacanthus	99.057	106	1	0	1	106	1	106	1.08e-51	191
4db280926cca07cc86b0e098513d9cc0	1.00_Northern_sand_lance_Ammodytes_dubius	99.057	106	1	0	1	106	1	106	1.08e-51	191
272b952bfc6e84de3e33447c805a19ae	1.00_Atlantic_bonito_Sarda_sarda_and_Frigate_or_bullet_tuna_Auxis_thazard_or_rochei	100.000	106	0	0	1	106	1	106	2.32e-53	196
272b952bfc6e84de3e33447c805a19ae	1.00_Tuna_sp_Thunnus_sp	99.057	106	1	0	1	106	1	106	1.08e-51	191
272b952bfc6e84de3e33447c805a19ae	1.00_Little_tunny_or_skipjack_tuna_Euthynnus_alletteratus_or_Katsuwonus_pelamis	99.057	106	1	0	1	106	1	106	1.08e-51	191
272b952bfc6e84de3e33447c805a19ae	1.00_Butterfly_mackerel_Gasterochisma_melampus	98.113	106	2	0	1	106	1	106	5.03e-50	185
30a623f128fb722f5fc16dbb86582d53	1.00_Atlantic_herring_Clupea_harengus	100.000	106	0	0	1	106	1	106	2.32e-53	196
0d61d4b7de48593109f5d112ed91948a	2.20_Cow_Bos_taurus	100.000	105	0	0	1	105	1	105	8.45e-53	195
0d61d4b7de48593109f5d112ed91948a	2.00_American_bison_Bison_bison	98.095	105	2	0	1	105	1	105	1.83e-49	183
5fdb93bb9fb86c6d1332c023c15fd63d	1.00_Atlantic_menhaden_LS16_or_river_herrings_Clupeidae_sp	99.057	106	1	0	1	106	1	106	1.08e-51	191
5fdb93bb9fb86c6d1332c023c15fd63d	1.00_Atlantic_menhaden_Brevoortia_tyrannus_LS17	98.113	106	2	0	1	106	1	106	5.03e-50	185
9e675ac5875629aa62e1afaedb00fbb9	3.50_Human_chromosome20_RAE1	100.000	107	0	0	1	107	1	107	6.53e-54	198
9f2355fd161fec0177a83045e771a239	1.00_Scad98_Trachurus_trachurus98	100.000	106	0	0	1	106	1	106	2.32e-53	196
2a52f7d018e355b8ac6752d8dfb7eee6	1.00_Northern_pipefish_Syngnathus_fuscus	100.000	104	0	0	1	104	1	104	2.94e-52	193
cd9222c2008ba64f46a02935a6289518	1.00_Fourspot_flounder_Hippoglossina_oblonga	99.057	106	1	0	1	106	1	106	1.08e-51	191
df263dae379496c7e522db8a7dbc01c9	1.00_Atlantic_mackerel_Scomber_scombrus	100.000	107	0	0	1	107	1	107	6.53e-54	198
975b1dbdc7405f6e27bf63893e91e0ed	1.00_Black_sea_bass_Centropristis_striata	100.000	106	0	0	1	106	1	106	2.32e-53	196
5e733a21f67e541f28ed4bf4fe025044	1.10_Summer_flounder99a	100.000	106	0	0	1	106	1	106	2.32e-53	196
5e733a21f67e541f28ed4bf4fe025044	1.00_Summer_flounder_Paralichthys_dentatus	99.057	106	1	0	1	106	1	106	1.08e-51	191
5e733a21f67e541f28ed4bf4fe025044	1.10_Summer_flounder99b_Paralicthys_dentatus99b	98.113	106	2	0	1	106	1	106	5.03e-50	185
de8339905c2655847248b3084379b474	1.10_Atlantic_menhaden_LS15_Brevoortia_tyrannus	100.000	106	0	0	1	106	1	106	2.32e-53	196
de8339905c2655847248b3084379b474	1.00_Atlantic_menhaden_Brevoortia_tyrannus_LS17	99.057	106	1	0	1	106	1	106	1.08e-51	191
de8339905c2655847248b3084379b474	1.00_Atlantic_menhaden_LS16_or_river_herrings_Clupeidae_sp	98.113	106	2	0	1	106	1	106	5.03e-50	185
fe4a925833d96a18c2fdeac0dd07904e	1.00_American_plaice_Hippoglossoides_platessoides_also_matches_Winter_flounder_refseq	100.000	106	0	0	1	106	1	106	2.32e-53	196
fe4a925833d96a18c2fdeac0dd07904e	1.00_Winter_or_Yellowtail_flounder_Pseudopleuronectes_americanus_or_Pleuronectes_ferrugineus	98.113	106	2	0	1	106	1	106	5.03e-50	185
fe4a925833d96a18c2fdeac0dd07904e	1.00_Greenland_halibut_Reinhardtius_hippoglossoides	98.113	106	2	0	1	106	1	106	5.03e-50	185
282aac0ec13fc675ac82d31f2b3e70e9	3.50_Human_chromosome1_659M14	98.131	107	2	0	1	107	1	107	1.41e-50	187
282aac0ec13fc675ac82d31f2b3e70e9	3.50_Human_chromo4_AABC161701	98.131	107	2	0	1	107	1	107	1.41e-50	187
282aac0ec13fc675ac82d31f2b3e70e9	3.50_Human_chromo22_CH17297A18	98.131	107	2	0	1	107	1	107	1.41e-50	187
282aac0ec13fc675ac82d31f2b3e70e9	3.50_Human_chromo2_RP1185C8	98.131	107	2	0	1	107	1	107	1.41e-50	187
282aac0ec13fc675ac82d31f2b3e70e9	3.50_Human_chromo17_106I20	98.131	107	2	0	1	107	1	107	1.41e-50	187
61432c8c6352f55f3267244221ae77ae	1.00_Striped_bass_Morone_saxatilis	100.000	106	0	0	1	106	1	106	2.32e-53	196
61432c8c6352f55f3267244221ae77ae	1.00_White_bass_Morone_chrysops	98.113	106	2	0	1	106	1	106	5.03e-50	185
2d0506c060ee125f6608b52f22e598b1	3.50_Human_chromo11_DYNCHH1	100.000	107	0	0	1	107	1	107	6.53e-54	198
7950b1078efc076defba9c936b970ef7	3.50_Human_chromo17_RP1113L8	100.000	107	0	0	1	107	1	107	6.53e-54	198
7950b1078efc076defba9c936b970ef7	3.50_Human_chromo17_RP1113L8b	100.000	106	0	0	2	107	1	106	2.35e-53	196
8726f0690748a0d7318c782029077e62	3.50_Human_numt_HSA524	100.000	101	0	0	1	101	1	101	1.32e-50	187
3d31352a264c791e0b7998150b37350a	3.50_Human_numt_151	100.000	107	0	0	1	107	1	107	6.53e-54	198
f392b65ac61ca907edf915aa1ad3b6c6	3.50_Human_chromo4_AABC161701	100.000	107	0	0	1	107	1	107	6.53e-54	198
f392b65ac61ca907edf915aa1ad3b6c6	3.50_Human_chromo2_RP1185C8	98.131	107	2	0	1	107	1	107	1.41e-50	187
f392b65ac61ca907edf915aa1ad3b6c6	3.50_Human_chromo17_106I20	98.131	107	2	0	1	107	1	107	1.41e-50	187
