6a9c2d5770b6e78ca3450f62d67b08fc	gb|KT723027|Ammodytes_americanus	100.000	106	0	0	1	106	505	610	3.55e-49	196
6a9c2d5770b6e78ca3450f62d67b08fc	gb|KT723026|Ammodytes_dubius	100.000	106	0	0	1	106	505	610	3.55e-49	196
ea364c182199815b78fc2630a9b4d6be	gb|AY484974|Pristipomoides_typus	100.000	107	0	0	1	107	31	137	9.99e-50	198
ea364c182199815b78fc2630a9b4d6be	gb|AY484973|Caesio_cuning	100.000	107	0	0	1	107	31	137	9.99e-50	198
28e394867578f85b7855d2f9e4df951b	gb|OR582685|Stenotomus_chrysops	100.000	106	0	0	1	106	511	616	3.55e-49	196
28e394867578f85b7855d2f9e4df951b	gb|KX686071|Stenotomus_chrysops	100.000	106	0	0	1	106	192	297	3.55e-49	196
0c345c9a2aa92abab556aa04441cf718	gb|OP057013|Brevoortia_patronus	100.000	106	0	0	1	106	506	611	3.55e-49	196
0c345c9a2aa92abab556aa04441cf718	gb|DQ912034|Brevoortia_tyrannus	100.000	106	0	0	1	106	159	264	3.55e-49	196
0c345c9a2aa92abab556aa04441cf718	gb|KX686086|Brevoortia_tyrannus	100.000	106	0	0	1	106	195	300	3.55e-49	196
0c345c9a2aa92abab556aa04441cf718	gb|AP009618|Brevoortia_tyrannus	100.000	106	0	0	1	106	506	611	3.55e-49	196
8961e2d14d8b0510763256de80a000a2	gb|PP928730|Alosa_fallax	100.000	106	0	0	1	106	11726	11831	3.55e-49	196
8961e2d14d8b0510763256de80a000a2	gb|CM080641|Alosa_pseudoharengus	100.000	106	0	0	1	106	506	611	3.55e-49	196
8961e2d14d8b0510763256de80a000a2	gb|PP620795|Alosa_sapidissima	100.000	106	0	0	1	106	202	307	3.55e-49	196
8961e2d14d8b0510763256de80a000a2	gb|OP931010|Alosa_agone	100.000	106	0	0	1	106	195	300	3.55e-49	196
8961e2d14d8b0510763256de80a000a2	gb|OP931011|Alosa_agone	100.000	106	0	0	1	106	195	300	3.55e-49	196
8961e2d14d8b0510763256de80a000a2	gb|OP931012|Alosa_agone	100.000	106	0	0	1	106	195	300	3.55e-49	196
8961e2d14d8b0510763256de80a000a2	gb|OP931013|Alosa_agone	100.000	106	0	0	1	106	195	300	3.55e-49	196
8961e2d14d8b0510763256de80a000a2	gb|OP931014|Alosa_agone	100.000	106	0	0	1	106	195	300	3.55e-49	196
8961e2d14d8b0510763256de80a000a2	gb|OP931015|Alosa_agone	100.000	106	0	0	1	106	195	300	3.55e-49	196
8961e2d14d8b0510763256de80a000a2	gb|OP931016|Alosa_agone	100.000	106	0	0	1	106	195	300	3.55e-49	196
57e83a29cfecdba4509d02c3e9d610a3	gb|OR499725|Merluccius_bilinearis	100.000	106	0	0	1	106	1461	1566	3.55e-49	196
57e83a29cfecdba4509d02c3e9d610a3	gb|MH377833|Merluccius_bilinearis	100.000	106	0	0	1	106	193	298	3.55e-49	196
b98d245c042075fa94c4a01ffd4f9db8	gb|OR582683|Peprilus_triacanthus	100.000	106	0	0	1	106	316	421	3.55e-49	196
b98d245c042075fa94c4a01ffd4f9db8	gb|OR224435|Peprilus_burti	100.000	106	0	0	1	106	269	374	3.55e-49	196
b98d245c042075fa94c4a01ffd4f9db8	gb|OR224436|Peprilus_burti	100.000	106	0	0	1	106	269	374	3.55e-49	196
b98d245c042075fa94c4a01ffd4f9db8	gb|OP056924|Peprilus_burti	100.000	106	0	0	1	106	507	612	3.55e-49	196
b98d245c042075fa94c4a01ffd4f9db8	gb|KX686076|Peprilus_triacanthus	100.000	106	0	0	1	106	189	294	3.55e-49	196
b98d245c042075fa94c4a01ffd4f9db8	gb|AP012947|Peprilus_burti	100.000	106	0	0	1	106	506	611	3.55e-49	196
680475954df3011ebba1033f1b2f2a86	gb|OR546192|Prionotus_carolinus	100.000	106	0	0	1	106	508	613	3.55e-49	196
680475954df3011ebba1033f1b2f2a86	gb|MH377834|Prionotus_carolinus	100.000	106	0	0	1	106	187	292	3.55e-49	196
9e985443e4cd6cdec8bd0d1d325c53d9	gb|OR582684|Urophycis_regia	100.000	107	0	0	1	107	505	611	9.99e-50	198
9e985443e4cd6cdec8bd0d1d325c53d9	gb|OP057106|Urophycis_chuss	100.000	107	0	0	1	107	15295	15189	9.99e-50	198
9e985443e4cd6cdec8bd0d1d325c53d9	gb|FJ215093|Urophycis_chuss	100.000	107	0	0	1	107	156	262	9.99e-50	198
9e985443e4cd6cdec8bd0d1d325c53d9	gb|FJ215092|Urophycis_tenuis	100.000	107	0	0	1	107	156	262	9.99e-50	198
9e985443e4cd6cdec8bd0d1d325c53d9	gb|FJ215091|Urophycis_regia	100.000	107	0	0	1	107	155	261	9.99e-50	198
9e985443e4cd6cdec8bd0d1d325c53d9	gb|MT103927|Urophycis_tenuis	100.000	107	0	0	1	107	256	362	9.99e-50	198
1186c621e048e637a49024762b3750e7	gb|PP928767|Platichthys_flesus	100.000	106	0	0	1	106	11082	11187	3.55e-49	196
1186c621e048e637a49024762b3750e7	gb|OY755015|Limanda_limanda	100.000	106	0	0	1	106	506	611	3.55e-49	196
1186c621e048e637a49024762b3750e7	gb|OR499731|Pleuronectes_quadrituberculatus	100.000	106	0	0	1	106	506	611	3.55e-49	196
1186c621e048e637a49024762b3750e7	gb|OR499737|Isopsetta_isolepis	100.000	106	0	0	1	106	506	611	3.55e-49	196
1186c621e048e637a49024762b3750e7	gb|OR482463|Pseudopleuronectes_americanus	100.000	106	0	0	1	106	506	611	3.55e-49	196
1186c621e048e637a49024762b3750e7	gb|OR482508|Lepidopsetta_bilineata	100.000	106	0	0	1	106	506	611	3.55e-49	196
1186c621e048e637a49024762b3750e7	gb|OR482522|Limanda_sakhalinensis	100.000	106	0	0	1	106	506	611	3.55e-49	196
1186c621e048e637a49024762b3750e7	gb|OR482524|Myzopsetta_proboscidea	100.000	106	0	0	1	106	506	611	3.55e-49	196
1186c621e048e637a49024762b3750e7	gb|OR482538|Liopsetta_glacialis	100.000	106	0	0	1	106	506	611	3.55e-49	196
1186c621e048e637a49024762b3750e7	gb|OR482564|Psettichthys_melanostictus	100.000	106	0	0	1	106	506	611	3.55e-49	196
80b85e59cacd34b78608c1ae7eef2c61	gb|KT869378|Fundulus_heteroclitus	100.000	105	0	0	1	105	506	610	1.26e-48	195
80b85e59cacd34b78608c1ae7eef2c61	gb|KX686098|Fundulus_heteroclitus	100.000	105	0	0	1	105	190	294	1.26e-48	195
80b85e59cacd34b78608c1ae7eef2c61	gb|KX686092|Fundulus_heteroclitus	100.000	105	0	0	1	105	190	294	1.26e-48	195
80b85e59cacd34b78608c1ae7eef2c61	gb|KX686091|Fundulus_heteroclitus	100.000	105	0	0	1	105	190	294	1.26e-48	195
80b85e59cacd34b78608c1ae7eef2c61	gb|KX686077|Fundulus_heteroclitus	100.000	105	0	0	1	105	190	294	1.26e-48	195
80b85e59cacd34b78608c1ae7eef2c61	gb|FJ445402|Fundulus_heteroclitus	100.000	105	0	0	1	105	506	610	1.26e-48	195
80b85e59cacd34b78608c1ae7eef2c61	gb|FJ445401|Fundulus_heteroclitus	100.000	105	0	0	1	105	506	610	1.26e-48	195
80b85e59cacd34b78608c1ae7eef2c61	gb|FJ445400|Fundulus_heteroclitus	100.000	105	0	0	1	105	506	610	1.26e-48	195
80b85e59cacd34b78608c1ae7eef2c61	gb|FJ445399|Fundulus_heteroclitus	100.000	105	0	0	1	105	506	610	1.26e-48	195
80b85e59cacd34b78608c1ae7eef2c61	gb|FJ445398|Fundulus_heteroclitus	100.000	105	0	0	1	105	506	610	1.26e-48	195
e9d13e82268f08829d5b6cdf069a0b94	gb|AB370893|Menidia_menidia	100.000	106	0	0	1	106	508	613	3.55e-49	196
e9d13e82268f08829d5b6cdf069a0b94	gb|MH538898|Menidia_menidia	100.000	106	0	0	1	106	508	613	3.55e-49	196
e9d13e82268f08829d5b6cdf069a0b94	gb|MH538897|Menidia_menidia	100.000	106	0	0	1	106	508	613	3.55e-49	196
e9d13e82268f08829d5b6cdf069a0b94	gb|MH538896|Menidia_menidia	100.000	106	0	0	1	106	508	613	3.55e-49	196
e9d13e82268f08829d5b6cdf069a0b94	gb|MH538894|Menidia_menidia	100.000	106	0	0	1	106	508	613	3.55e-49	196
e9d13e82268f08829d5b6cdf069a0b94	gb|MH538893|Menidia_menidia	100.000	106	0	0	1	106	508	613	3.55e-49	196
e9d13e82268f08829d5b6cdf069a0b94	gb|MH538892|Menidia_menidia	100.000	106	0	0	1	106	508	613	3.55e-49	196
e9d13e82268f08829d5b6cdf069a0b94	gb|MH538891|Menidia_menidia	100.000	106	0	0	1	106	508	613	3.55e-49	196
e9d13e82268f08829d5b6cdf069a0b94	gb|MH538890|Menidia_menidia	100.000	106	0	0	1	106	508	613	3.55e-49	196
e9d13e82268f08829d5b6cdf069a0b94	gb|MH538889|Menidia_menidia	100.000	106	0	0	1	106	508	613	3.55e-49	196
975b1dbdc7405f6e27bf63893e91e0ed	gb|OR603872|Centropristis_striata	100.000	106	0	0	1	106	439	544	3.55e-49	196
975b1dbdc7405f6e27bf63893e91e0ed	gb|OR546218|Centropristis_striata	100.000	106	0	0	1	106	508	613	3.55e-49	196
975b1dbdc7405f6e27bf63893e91e0ed	gb|KX686079|Centropristis_striata	100.000	106	0	0	1	106	191	296	3.55e-49	196
975b1dbdc7405f6e27bf63893e91e0ed	gb|MH645336|Centropristis_striata	100.000	106	0	0	1	106	508	613	3.55e-49	196
de8339905c2655847248b3084379b474	gb|OP154163|Brevoortia_patronus	100.000	106	0	0	1	106	438	543	3.55e-49	196
de8339905c2655847248b3084379b474	gb|KX686084|Brevoortia_tyrannus	100.000	106	0	0	1	106	195	300	3.55e-49	196
bcbd43d985c17b122ecef7c3c46ae4d1	gb|PP032998|Pomatomus_saltatrix	100.000	108	0	0	1	108	514	621	2.81e-50	200
bcbd43d985c17b122ecef7c3c46ae4d1	gb|AF055591|Pomatomus_saltatrix	100.000	108	0	0	1	108	468	575	2.81e-50	200
bcbd43d985c17b122ecef7c3c46ae4d1	gb|AB355904|Pomatomus_saltatrix	100.000	108	0	0	1	108	514	621	2.81e-50	200
bcbd43d985c17b122ecef7c3c46ae4d1	gb|FJ374791|Pomatomus_saltatrix	100.000	108	0	0	1	108	445	552	2.81e-50	200
8a63d772aa851473fb3224da1539870b	gb|MW630161|Tautogolabrus_adspersus	100.000	106	0	0	1	106	438	543	3.55e-49	196
8a63d772aa851473fb3224da1539870b	gb|AY279649|Tautogolabrus_adspersus	100.000	106	0	0	1	106	440	545	3.55e-49	196
8a63d772aa851473fb3224da1539870b	gb|OK172578|Tautogolabrus_adspersus	100.000	106	0	0	1	106	438	543	3.55e-49	196
90781ed131f662c3e5517f2b027624ba	gb|OR546193|Citharichthys_arctifrons	100.000	107	0	0	1	107	504	610	9.99e-50	198
90781ed131f662c3e5517f2b027624ba	gb|MN883204|Citharichthys_arctifrons	100.000	107	0	0	1	107	192	298	9.99e-50	198
90781ed131f662c3e5517f2b027624ba	gb|MN883203|Citharichthys_arctifrons	100.000	107	0	0	1	107	192	298	9.99e-50	198
ce9eaef7dda5cadced4c975e7a3c8230	gb|CM072085|Leucoraja_ocellata	100.000	112	0	0	1	112	523	634	1.76e-52	207
ce9eaef7dda5cadced4c975e7a3c8230	gb|CM048837|Leucoraja_erinacea	100.000	112	0	0	1	112	14064	13953	1.76e-52	207
ce9eaef7dda5cadced4c975e7a3c8230	gb|CM048837|Leucoraja_erinacea	100.000	112	0	0	1	112	30788	30677	1.76e-52	207
ce9eaef7dda5cadced4c975e7a3c8230	gb|EF100182|Rajella_fyllae	100.000	112	0	0	1	112	482	593	1.76e-52	207
ce9eaef7dda5cadced4c975e7a3c8230	gb|KX929913|Rajella_fyllae	100.000	112	0	0	1	112	125	236	1.76e-52	207
ce9eaef7dda5cadced4c975e7a3c8230	gb|JQ034406|Leucoraja_erinacea	100.000	112	0	0	1	112	523	634	1.76e-52	207
ce9eaef7dda5cadced4c975e7a3c8230	gb|MH377765|Leucoraja_ocellata	100.000	112	0	0	1	112	204	315	1.76e-52	207
ce9eaef7dda5cadced4c975e7a3c8230	gb|MH377764|Leucoraja_ocellata	100.000	112	0	0	1	112	204	315	1.76e-52	207
ce9eaef7dda5cadced4c975e7a3c8230	gb|MH377763|Leucoraja_ocellata	100.000	112	0	0	1	112	204	315	1.76e-52	207
ce9eaef7dda5cadced4c975e7a3c8230	gb|MH377762|Leucoraja_ocellata	100.000	112	0	0	1	112	204	315	1.76e-52	207
ce9eaef7dda5cadced4c975e7a3c8230	gb|MH377761|Leucoraja_ocellata	100.000	112	0	0	1	112	204	315	1.76e-52	207
08bd987bd944513cc896ab3b3c3eed38	gb|OP056997|Hippoglossina_oblonga	100.000	106	0	0	1	106	507	612	3.55e-49	196
08bd987bd944513cc896ab3b3c3eed38	gb|MH377823|Hippoglossina_oblonga	100.000	106	0	0	1	106	193	298	3.55e-49	196
d38ddf42991220b32db6fa282e77c0f5	gb|AB445126|Apeltes_quadracus	100.000	106	0	0	1	106	504	609	3.55e-49	196
272b952bfc6e84de3e33447c805a19ae	gb|PP033005|Sarda_sarda	100.000	106	0	0	1	106	508	613	3.55e-49	196
272b952bfc6e84de3e33447c805a19ae	gb|OP057061|Auxis_thazard	100.000	106	0	0	1	106	507	612	3.55e-49	196
272b952bfc6e84de3e33447c805a19ae	gb|ON000352|Sarda_sarda	100.000	106	0	0	1	106	437	542	3.55e-49	196
272b952bfc6e84de3e33447c805a19ae	gb|MW232425|Auxis_rochei	100.000	106	0	0	1	106	506	611	3.55e-49	196
272b952bfc6e84de3e33447c805a19ae	gb|MW232421|Auxis_rochei	100.000	106	0	0	1	106	506	611	3.55e-49	196
272b952bfc6e84de3e33447c805a19ae	gb|AB176811|Auxis_rochei	100.000	106	0	0	1	106	3	108	3.55e-49	196
272b952bfc6e84de3e33447c805a19ae	gb|AB176809|Auxis_thazard	100.000	106	0	0	1	106	3	108	3.55e-49	196
272b952bfc6e84de3e33447c805a19ae	gb|AB105447|Auxis_thazard	100.000	106	0	0	1	106	1351	1456	3.55e-49	196
272b952bfc6e84de3e33447c805a19ae	gb|AB105165|Auxis_rochei	100.000	106	0	0	1	106	1347	1452	3.55e-49	196
272b952bfc6e84de3e33447c805a19ae	gb|AB103468|Auxis_rochei	100.000	106	0	0	1	106	1347	1452	3.55e-49	196
d26fe7b35e96761f43efea7dd9e9d99f	gb|PP911624|Anguilla_mossambica	100.000	106	0	0	1	106	339	444	3.55e-49	196
d26fe7b35e96761f43efea7dd9e9d99f	gb|PP911625|Anguilla_mossambica	100.000	106	0	0	1	106	339	444	3.55e-49	196
d26fe7b35e96761f43efea7dd9e9d99f	gb|CM077320|Anguilla_bicolor_pacifica	100.000	106	0	0	1	106	11872	11977	3.55e-49	196
d26fe7b35e96761f43efea7dd9e9d99f	gb|PP620799|Anguilla_rostrata	100.000	106	0	0	1	106	199	304	3.55e-49	196
d26fe7b35e96761f43efea7dd9e9d99f	gb|PP405427|Anguilla_australis	100.000	106	0	0	1	106	506	611	3.55e-49	196
d26fe7b35e96761f43efea7dd9e9d99f	gb|OP931024|Anguilla_anguilla	100.000	106	0	0	1	106	193	298	3.55e-49	196
d26fe7b35e96761f43efea7dd9e9d99f	gb|OP931026|Anguilla_anguilla	100.000	106	0	0	1	106	193	298	3.55e-49	196
d26fe7b35e96761f43efea7dd9e9d99f	gb|OP931027|Anguilla_anguilla	100.000	106	0	0	1	106	193	298	3.55e-49	196
d26fe7b35e96761f43efea7dd9e9d99f	gb|OP931028|Anguilla_anguilla	100.000	106	0	0	1	106	193	298	3.55e-49	196
d26fe7b35e96761f43efea7dd9e9d99f	gb|OP931029|Anguilla_anguilla	100.000	106	0	0	1	106	193	298	3.55e-49	196
be673ad467ff44bc0abd3bb295454550	gb|OP056991|Scophthalmus_aquosus	100.000	104	0	0	1	104	506	609	4.48e-48	193
be673ad467ff44bc0abd3bb295454550	gb|MH377767|Scophthalmus_aquosus	100.000	104	0	0	1	104	192	295	4.48e-48	193
be673ad467ff44bc0abd3bb295454550	gb|MT103925|Scophthalmus_aquosus	100.000	104	0	0	1	104	281	384	4.48e-48	193
7ec4dbc3399f639d994fdc65a1b6810e	gb|MW630160|Tautoga_onitis	100.000	106	0	0	1	106	436	541	3.55e-49	196
7ec4dbc3399f639d994fdc65a1b6810e	gb|EU601223|Tautoga_onitis	100.000	106	0	0	1	106	457	562	3.55e-49	196
7ec4dbc3399f639d994fdc65a1b6810e	gb|KX686097|Tautoga_onitis	100.000	106	0	0	1	106	191	296	3.55e-49	196
7ec4dbc3399f639d994fdc65a1b6810e	gb|KX686095|Tautoga_onitis	100.000	106	0	0	1	106	191	296	3.55e-49	196
7ec4dbc3399f639d994fdc65a1b6810e	gb|AY279648|Tautoga_onitis	100.000	106	0	0	1	106	438	543	3.55e-49	196
65aff92c84e7e2ab8b29a4aaaf336fea	gb|AF488496|Trinectes_maculatus	100.000	106	0	0	1	106	447	552	3.55e-49	196
65aff92c84e7e2ab8b29a4aaaf336fea	gb|JQ639070|Trinectes_maculatus	100.000	106	0	0	1	106	511	616	3.55e-49	196
b4f42eade7a87f2cd8f3968640d83f97	gb|MW288827|Paralichthys_adspersus	100.000	106	0	0	1	106	507	612	3.55e-49	196
b4f42eade7a87f2cd8f3968640d83f97	gb|AF488501|Paralichthys_dentatus	100.000	106	0	0	1	106	438	543	3.55e-49	196
b4f42eade7a87f2cd8f3968640d83f97	gb|KU053334|Paralichthys_dentatus	100.000	106	0	0	1	106	506	611	3.55e-49	196
088fe13fa02373ceebeefea46a158220	gb|OZ004756|Thunnus_thynnus	100.000	106	0	0	1	106	506	611	3.55e-49	196
088fe13fa02373ceebeefea46a158220	gb|LC790112|Thunnus_tonggol	100.000	106	0	0	1	106	377	482	3.55e-49	196
088fe13fa02373ceebeefea46a158220	gb|ON890019|Thunnus_albacares	100.000	106	0	0	1	106	2	107	3.55e-49	196
088fe13fa02373ceebeefea46a158220	gb|ON890021|Thunnus_albacares	100.000	106	0	0	1	106	2	107	3.55e-49	196
088fe13fa02373ceebeefea46a158220	gb|MW232431|Thunnus_tonggol	100.000	106	0	0	1	106	506	611	3.55e-49	196
088fe13fa02373ceebeefea46a158220	gb|MW232430|Thunnus_tonggol	100.000	106	0	0	1	106	506	611	3.55e-49	196
088fe13fa02373ceebeefea46a158220	gb|AY507952|Thunnus_thynnus_thynnus	100.000	106	0	0	1	106	438	543	3.55e-49	196
088fe13fa02373ceebeefea46a158220	gb|AY507951|Thunnus_thynnus_thynnus	100.000	106	0	0	1	106	438	543	3.55e-49	196
088fe13fa02373ceebeefea46a158220	gb|DQ854647|Thunnus_thynnus	100.000	106	0	0	1	106	438	543	3.55e-49	196
088fe13fa02373ceebeefea46a158220	gb|OU343215|Thunnus_maccoyii	100.000	106	0	0	1	106	505	610	3.55e-49	196
61432c8c6352f55f3267244221ae77ae	gb|PP620825|Morone_saxatilis	100.000	106	0	0	1	106	202	307	3.55e-49	196
61432c8c6352f55f3267244221ae77ae	gb|OQ793758|Morone_saxatilis	100.000	106	0	0	1	106	444	549	3.55e-49	196
61432c8c6352f55f3267244221ae77ae	gb|OM736848|Morone_saxatilis	100.000	106	0	0	1	106	512	617	3.55e-49	196
61432c8c6352f55f3267244221ae77ae	gb|HM447585|Morone_saxatilis	100.000	106	0	0	1	106	512	617	3.55e-49	196
ef311a4fd2c77c6824ceb22df6df37fc	gb|MW630178|Fundulus_heteroclitus	100.000	105	0	0	1	105	440	544	1.26e-48	195
ef311a4fd2c77c6824ceb22df6df37fc	gb|KX686099|Fundulus_majalis	100.000	105	0	0	1	105	190	294	1.26e-48	195
4a5d3d90445cc0e095b7d7c5357e71e4	gb|OQ793725|Lucania_goodei	100.000	105	0	0	1	105	440	544	1.26e-48	195
4a5d3d90445cc0e095b7d7c5357e71e4	gb|OQ793726|Lucania_goodei	100.000	105	0	0	1	105	440	544	1.26e-48	195
4a5d3d90445cc0e095b7d7c5357e71e4	gb|OP056801|Lucania_parva	100.000	105	0	0	1	105	508	612	1.26e-48	195
4a5d3d90445cc0e095b7d7c5357e71e4	gb|MN883218|Lucania_parva	100.000	105	0	0	1	105	190	294	1.26e-48	195
4a5d3d90445cc0e095b7d7c5357e71e4	gb|MN883217|Lucania_parva	100.000	105	0	0	1	105	190	294	1.26e-48	195
c73cefb2b4ac8de08ae0c68341cbb28f	gb|AP006807|Histiopterus_typus	100.000	106	0	0	1	106	510	615	3.55e-49	196
c3fc0601758785a42422d73338a27546	gb|KM057973|Myoxocephalus_octodecemspinosus	100.000	106	0	0	1	106	364	469	3.55e-49	196
c3fc0601758785a42422d73338a27546	gb|OR603891|Zesticelus_profundorum	100.000	104	0	0	1	104	440	543	4.59e-48	193
c3fc0601758785a42422d73338a27546	gb|OR482535|Blepsias_cirrhosus	100.000	104	0	0	1	104	506	609	4.59e-48	193
c3fc0601758785a42422d73338a27546	gb|OR482542|Gymnocanthus_pistilliger	100.000	104	0	0	1	104	507	610	4.59e-48	193
c3fc0601758785a42422d73338a27546	gb|OR482543|Gymnocanthus_detrisus	100.000	104	0	0	1	104	506	609	4.59e-48	193
c3fc0601758785a42422d73338a27546	gb|OR482553|Artediellus_pacificus	100.000	104	0	0	1	104	507	610	4.59e-48	193
c3fc0601758785a42422d73338a27546	gb|OL806590|Enophrys_bison	100.000	104	0	0	1	104	505	608	4.59e-48	193
c3fc0601758785a42422d73338a27546	gb|LC717523|Myoxocephalus_stelleri	100.000	104	0	0	1	104	377	480	4.59e-48	193
c3fc0601758785a42422d73338a27546	gb|MW420925|Dasycottus_setiger	100.000	104	0	0	1	104	508	611	4.59e-48	193
c3fc0601758785a42422d73338a27546	gb|MT789711|Myoxocephalus_quadricornis	100.000	104	0	0	1	104	505	608	4.59e-48	193
c9bb5d5fc530c1dca2f73a53bb77141c	gb|OQ210056|Gadus_morhua	100.000	106	0	0	1	106	511	616	3.55e-49	196
c9bb5d5fc530c1dca2f73a53bb77141c	gb|OQ210057|Gadus_morhua	100.000	106	0	0	1	106	511	616	3.55e-49	196
c9bb5d5fc530c1dca2f73a53bb77141c	gb|OQ210058|Gadus_morhua	100.000	106	0	0	1	106	511	616	3.55e-49	196
c9bb5d5fc530c1dca2f73a53bb77141c	gb|OQ210059|Gadus_morhua	100.000	106	0	0	1	106	511	616	3.55e-49	196
c9bb5d5fc530c1dca2f73a53bb77141c	gb|OQ210060|Gadus_morhua	100.000	106	0	0	1	106	511	616	3.55e-49	196
c9bb5d5fc530c1dca2f73a53bb77141c	gb|OQ210061|Gadus_morhua	100.000	106	0	0	1	106	511	616	3.55e-49	196
c9bb5d5fc530c1dca2f73a53bb77141c	gb|OQ210062|Gadus_morhua	100.000	106	0	0	1	106	511	616	3.55e-49	196
c9bb5d5fc530c1dca2f73a53bb77141c	gb|OQ210063|Gadus_morhua	100.000	106	0	0	1	106	511	616	3.55e-49	196
c9bb5d5fc530c1dca2f73a53bb77141c	gb|OQ210064|Gadus_morhua	100.000	106	0	0	1	106	511	616	3.55e-49	196
c9bb5d5fc530c1dca2f73a53bb77141c	gb|OQ210066|Gadus_morhua	100.000	106	0	0	1	106	511	616	3.55e-49	196
879319f127f42872ba2daeb54fc4135a	gb|PP764783|Gasterosteus_nipponicus	100.000	106	0	0	1	106	506	611	3.55e-49	196
879319f127f42872ba2daeb54fc4135a	gb|OP931333|Gasterosteus_aculeatus	100.000	106	0	0	1	106	191	296	3.55e-49	196
879319f127f42872ba2daeb54fc4135a	gb|OP931335|Gasterosteus_aculeatus	100.000	106	0	0	1	106	191	296	3.55e-49	196
879319f127f42872ba2daeb54fc4135a	gb|OP931337|Gasterosteus_aculeatus	100.000	106	0	0	1	106	191	296	3.55e-49	196
879319f127f42872ba2daeb54fc4135a	gb|OP931338|Gasterosteus_aculeatus	100.000	106	0	0	1	106	191	296	3.55e-49	196
879319f127f42872ba2daeb54fc4135a	gb|OP931339|Gasterosteus_aculeatus	100.000	106	0	0	1	106	191	296	3.55e-49	196
879319f127f42872ba2daeb54fc4135a	gb|OP931340|Gasterosteus_aculeatus	100.000	106	0	0	1	106	191	296	3.55e-49	196
879319f127f42872ba2daeb54fc4135a	gb|OP931342|Gasterosteus_aculeatus	100.000	106	0	0	1	106	191	296	3.55e-49	196
879319f127f42872ba2daeb54fc4135a	gb|OQ793762|Gasterosteus_aculeatus	100.000	106	0	0	1	106	438	543	3.55e-49	196
879319f127f42872ba2daeb54fc4135a	gb|LC753474|Gasterosteus_aculeatus_aculeatus	100.000	106	0	0	1	106	438	543	3.55e-49	196
ec908fe3105b9eb1c7c94a72436e241e	gb|KX686069|Menidia_beryllina	100.000	106	0	0	1	106	190	295	3.55e-49	196
f41b0577867ccc809ec69c22b8fdbf38	gb|KT459334|Squalus_montalbani	100.000	105	0	0	1	105	519	623	1.26e-48	195
f41b0577867ccc809ec69c22b8fdbf38	gb|Y18134|Squalus_acanthias	100.000	105	0	0	1	105	519	623	1.26e-48	195
f41b0577867ccc809ec69c22b8fdbf38	gb|KY111436|Squalus_brevirostris	100.000	105	0	0	1	105	519	623	1.26e-48	195
f41b0577867ccc809ec69c22b8fdbf38	gb|MH377805|Squalus_acanthias	100.000	105	0	0	1	105	199	303	1.26e-48	195
2c9521bc9659f75133d08270bc0050e0	gb|OR575551|Cololabis_saira	100.000	106	0	0	1	106	506	611	3.55e-49	196
2c9521bc9659f75133d08270bc0050e0	gb|OP057084|Cololabis_saira	100.000	106	0	0	1	106	506	611	3.55e-49	196
2c9521bc9659f75133d08270bc0050e0	gb|AP002932|Cololabis_saira	100.000	106	0	0	1	106	506	611	3.55e-49	196
2c9521bc9659f75133d08270bc0050e0	gb|AB188689|Cololabis_saira	100.000	101	0	0	6	106	1	101	2.14e-46	187
df263dae379496c7e522db8a7dbc01c9	gb|OY829942|Scomber_scombrus	100.000	107	0	0	1	107	508	614	9.99e-50	198
df263dae379496c7e522db8a7dbc01c9	gb|AF055594|Scomber_scombrus	100.000	107	0	0	1	107	461	567	9.99e-50	198
df263dae379496c7e522db8a7dbc01c9	gb|AB241438|Scomber_scombrus	100.000	107	0	0	1	107	3	109	9.99e-50	198
df263dae379496c7e522db8a7dbc01c9	gb|AB120717|Scomber_scombrus	100.000	107	0	0	1	107	507	613	9.99e-50	198
df263dae379496c7e522db8a7dbc01c9	gb|MN844118|Scomber_scombrus	100.000	107	0	0	1	107	20	126	9.99e-50	198
df263dae379496c7e522db8a7dbc01c9	gb|MN122853|Scomber_scombrus	100.000	107	0	0	1	107	507	613	9.99e-50	198
3caae93eaa8222d3c3c82880d1ea3d6b	gb|KC422441|Ammodytes_hexapterus	100.000	106	0	0	1	106	505	610	3.55e-49	196
c030ecad0cd0504068af5f150dc7b103	gb|OR603891|Zesticelus_profundorum	100.000	106	0	0	1	106	440	545	3.55e-49	196
c030ecad0cd0504068af5f150dc7b103	gb|OR482535|Blepsias_cirrhosus	100.000	106	0	0	1	106	506	611	3.55e-49	196
c030ecad0cd0504068af5f150dc7b103	gb|OR482542|Gymnocanthus_pistilliger	100.000	106	0	0	1	106	507	612	3.55e-49	196
c030ecad0cd0504068af5f150dc7b103	gb|OR482543|Gymnocanthus_detrisus	100.000	106	0	0	1	106	506	611	3.55e-49	196
c030ecad0cd0504068af5f150dc7b103	gb|OR482553|Artediellus_pacificus	100.000	106	0	0	1	106	507	612	3.55e-49	196
c030ecad0cd0504068af5f150dc7b103	gb|OL806590|Enophrys_bison	100.000	106	0	0	1	106	505	610	3.55e-49	196
c030ecad0cd0504068af5f150dc7b103	gb|LC717523|Myoxocephalus_stelleri	100.000	106	0	0	1	106	377	482	3.55e-49	196
c030ecad0cd0504068af5f150dc7b103	gb|MW420925|Dasycottus_setiger	100.000	106	0	0	1	106	508	613	3.55e-49	196
c030ecad0cd0504068af5f150dc7b103	gb|MT789711|Myoxocephalus_quadricornis	100.000	106	0	0	1	106	505	610	3.55e-49	196
c030ecad0cd0504068af5f150dc7b103	gb|KF039715|Enophrys_diceraus	100.000	106	0	0	1	106	506	611	3.55e-49	196
59453101d6957faa1db440daabdf7697	gb|MH377787|Bathytoshia_centroura	100.000	110	0	0	1	110	203	312	2.23e-51	204
59453101d6957faa1db440daabdf7697	gb|MH377786|Bathytoshia_centroura	100.000	110	0	0	1	110	203	312	2.23e-51	204
59453101d6957faa1db440daabdf7697	gb|MH377785|Bathytoshia_centroura	100.000	110	0	0	1	110	203	312	2.23e-51	204
59453101d6957faa1db440daabdf7697	gb|MH377784|Bathytoshia_centroura	100.000	110	0	0	1	110	203	312	2.23e-51	204
59453101d6957faa1db440daabdf7697	gb|MH377783|Bathytoshia_centroura	100.000	110	0	0	1	110	194	303	2.23e-51	204
504211d6246d1c7aed70b75748f4c773	gb|KT723027|Ammodytes_americanus	100.000	104	0	0	1	104	505	608	4.59e-48	193
504211d6246d1c7aed70b75748f4c773	gb|KT723026|Ammodytes_dubius	100.000	104	0	0	1	104	505	608	4.59e-48	193
30a623f128fb722f5fc16dbb86582d53	gb|OY735306|Sprattus_sprattus	100.000	106	0	0	1	106	509	614	3.55e-49	196
30a623f128fb722f5fc16dbb86582d53	gb|MW818211|Clupea_harengus	100.000	106	0	0	1	106	439	544	3.55e-49	196
30a623f128fb722f5fc16dbb86582d53	gb|MW818210|Clupea_harengus	100.000	106	0	0	1	106	439	544	3.55e-49	196
30a623f128fb722f5fc16dbb86582d53	gb|KC193777|Clupea_harengus	100.000	106	0	0	1	106	508	613	3.55e-49	196
30a623f128fb722f5fc16dbb86582d53	gb|KC193776|Clupea_harengus	100.000	106	0	0	1	106	508	613	3.55e-49	196
30a623f128fb722f5fc16dbb86582d53	gb|KC193775|Clupea_harengus	100.000	106	0	0	1	106	508	613	3.55e-49	196
30a623f128fb722f5fc16dbb86582d53	gb|KC193774|Clupea_harengus	100.000	106	0	0	1	106	508	613	3.55e-49	196
30a623f128fb722f5fc16dbb86582d53	gb|KC193773|Clupea_harengus	100.000	106	0	0	1	106	508	613	3.55e-49	196
30a623f128fb722f5fc16dbb86582d53	gb|KC193772|Clupea_harengus	100.000	106	0	0	1	106	508	613	3.55e-49	196
30a623f128fb722f5fc16dbb86582d53	gb|KC193771|Clupea_harengus	100.000	106	0	0	1	106	508	613	3.55e-49	196
6015c20f5a3ddbe4b7eaaae112c8e2b2	gb|OP056991|Scophthalmus_aquosus	100.000	102	0	0	1	102	506	607	5.79e-47	189
6015c20f5a3ddbe4b7eaaae112c8e2b2	gb|MH377767|Scophthalmus_aquosus	100.000	102	0	0	1	102	192	293	5.79e-47	189
6015c20f5a3ddbe4b7eaaae112c8e2b2	gb|MT103925|Scophthalmus_aquosus	100.000	102	0	0	1	102	281	382	5.79e-47	189
2744f56d73d9591aa2ddedd05637bb27	gb|OR482523|Hippoglossoides_robustus	100.000	104	0	0	1	104	506	609	4.59e-48	193
2744f56d73d9591aa2ddedd05637bb27	gb|OR482562|Hippoglossoides_elassodon	100.000	104	0	0	1	104	506	609	4.59e-48	193
2744f56d73d9591aa2ddedd05637bb27	gb|KT223828|Cleisthenes_herzensteini	100.000	104	0	0	1	104	506	609	4.59e-48	193
2744f56d73d9591aa2ddedd05637bb27	gb|LC677338|Dexistes_rikuzenius	100.000	104	0	0	1	104	377	480	4.59e-48	193
2744f56d73d9591aa2ddedd05637bb27	gb|KP013094|Limanda_aspera	100.000	104	0	0	1	104	506	609	4.59e-48	193
2744f56d73d9591aa2ddedd05637bb27	gb|MK803058|Hippoglossoides_elassodon	100.000	104	0	0	1	104	191	294	4.59e-48	193
2744f56d73d9591aa2ddedd05637bb27	gb|MK803057|Hippoglossoides_elassodon	100.000	104	0	0	1	104	191	294	4.59e-48	193
2744f56d73d9591aa2ddedd05637bb27	gb|MK803048|Hippoglossoides_elassodon	100.000	104	0	0	1	104	191	294	4.59e-48	193
2744f56d73d9591aa2ddedd05637bb27	gb|MK803047|Hippoglossoides_elassodon	100.000	104	0	0	1	104	191	294	4.59e-48	193
2744f56d73d9591aa2ddedd05637bb27	gb|AP012503|Nesiarchus_nasutus	100.000	104	0	0	1	104	506	609	4.59e-48	193
494e2c33bcfc72935415f474b3f47443	gb|OR546237|Lepophidium_profundorum	100.000	101	0	0	1	101	516	616	2.00e-46	187
494e2c33bcfc72935415f474b3f47443	gb|MN883196|Lepophidium_profundorum	100.000	101	0	0	1	101	125	225	2.00e-46	187
494e2c33bcfc72935415f474b3f47443	gb|MN883195|Lepophidium_profundorum	100.000	101	0	0	1	101	125	225	2.00e-46	187
a4d945d1dcb107235ad37de2408c5919	gb|KT288182|Cyprinodon_variegatus	100.000	106	0	0	1	106	506	611	3.55e-49	196
a4d945d1dcb107235ad37de2408c5919	gb|KR061357|Cyprinodon_variegatus_variegatus	100.000	106	0	0	1	106	506	611	3.55e-49	196
8f3be73a129834b75a062344b6b4c073	gb|CM072085|Leucoraja_ocellata	100.000	111	0	0	1	111	523	633	6.26e-52	206
8f3be73a129834b75a062344b6b4c073	gb|CM048837|Leucoraja_erinacea	100.000	111	0	0	1	111	14064	13954	6.26e-52	206
8f3be73a129834b75a062344b6b4c073	gb|CM048837|Leucoraja_erinacea	100.000	111	0	0	1	111	30788	30678	6.26e-52	206
8f3be73a129834b75a062344b6b4c073	gb|EF100182|Rajella_fyllae	100.000	111	0	0	1	111	482	592	6.26e-52	206
8f3be73a129834b75a062344b6b4c073	gb|KX929913|Rajella_fyllae	100.000	111	0	0	1	111	125	235	6.26e-52	206
8f3be73a129834b75a062344b6b4c073	gb|JQ034406|Leucoraja_erinacea	100.000	111	0	0	1	111	523	633	6.26e-52	206
8f3be73a129834b75a062344b6b4c073	gb|MH377765|Leucoraja_ocellata	100.000	111	0	0	1	111	204	314	6.26e-52	206
8f3be73a129834b75a062344b6b4c073	gb|MH377764|Leucoraja_ocellata	100.000	111	0	0	1	111	204	314	6.26e-52	206
8f3be73a129834b75a062344b6b4c073	gb|MH377763|Leucoraja_ocellata	100.000	111	0	0	1	111	204	314	6.26e-52	206
8f3be73a129834b75a062344b6b4c073	gb|MH377762|Leucoraja_ocellata	100.000	111	0	0	1	111	204	314	6.26e-52	206
8f3be73a129834b75a062344b6b4c073	gb|MH377761|Leucoraja_ocellata	100.000	111	0	0	1	111	204	314	6.26e-52	206
0cfc4cf987f9890693ad15b60a0617d0	gb|OP056805|Mustelus_canis	100.000	105	0	0	1	105	518	622	1.26e-48	195
0cfc4cf987f9890693ad15b60a0617d0	gb|MH377797|Mustelus_canis	100.000	105	0	0	1	105	204	308	1.26e-48	195
0cfc4cf987f9890693ad15b60a0617d0	gb|MH377796|Mustelus_canis	100.000	105	0	0	1	105	204	308	1.26e-48	195
0cfc4cf987f9890693ad15b60a0617d0	gb|MH377795|Mustelus_canis	100.000	105	0	0	1	105	204	308	1.26e-48	195
0cfc4cf987f9890693ad15b60a0617d0	gb|MH377794|Mustelus_canis	100.000	105	0	0	1	105	204	308	1.26e-48	195
0cfc4cf987f9890693ad15b60a0617d0	gb|MH377793|Mustelus_canis	100.000	105	0	0	1	105	204	308	1.26e-48	195
7997db640bcf993b509d1fcc608edfb0	gb|OP057012|Gobiosoma_bosc	100.000	103	0	0	1	103	510	612	1.63e-47	191
7997db640bcf993b509d1fcc608edfb0	gb|OP154177|Gobiosoma_bosc	100.000	103	0	0	1	103	225	327	1.63e-47	191
7997db640bcf993b509d1fcc608edfb0	gb|OP154178|Gobiosoma_bosc	100.000	103	0	0	1	103	437	539	1.63e-47	191
91b3b8cc8b6e2ab89c113c181b4abda2	gb|OP057013|Brevoortia_patronus	100.000	105	0	0	2	106	507	611	1.28e-48	195
91b3b8cc8b6e2ab89c113c181b4abda2	gb|DQ912034|Brevoortia_tyrannus	100.000	105	0	0	2	106	160	264	1.28e-48	195
91b3b8cc8b6e2ab89c113c181b4abda2	gb|KX686086|Brevoortia_tyrannus	100.000	105	0	0	2	106	196	300	1.28e-48	195
91b3b8cc8b6e2ab89c113c181b4abda2	gb|AP009618|Brevoortia_tyrannus	100.000	105	0	0	2	106	507	611	1.28e-48	195
85bd207c4b50a23e29dcb87be24e6779	gb|OR546244|Conger_oceanicus	100.000	105	0	0	1	105	510	614	1.26e-48	195
85bd207c4b50a23e29dcb87be24e6779	gb|MH377819|Conger_oceanicus	100.000	105	0	0	1	105	193	297	1.26e-48	195
85bd207c4b50a23e29dcb87be24e6779	gb|MH377818|Conger_oceanicus	100.000	105	0	0	1	105	193	297	1.26e-48	195
f953066efe8f75b799b765ee588605ee	gb|AY484974|Pristipomoides_typus	100.000	106	0	0	2	107	32	137	3.59e-49	196
f953066efe8f75b799b765ee588605ee	gb|AY484973|Caesio_cuning	100.000	106	0	0	2	107	32	137	3.59e-49	196
b79890f7429100176352003a2bac7881	gb|OR582685|Stenotomus_chrysops	100.000	105	0	0	2	106	512	616	1.28e-48	195
b79890f7429100176352003a2bac7881	gb|KX686071|Stenotomus_chrysops	100.000	105	0	0	2	106	193	297	1.28e-48	195
8b8c58598b9195c46b3d8c5633ee4004	gb|KT723027|Ammodytes_americanus	100.000	105	0	0	2	106	506	610	1.28e-48	195
8b8c58598b9195c46b3d8c5633ee4004	gb|KT723026|Ammodytes_dubius	100.000	105	0	0	2	106	506	610	1.28e-48	195
2a52f7d018e355b8ac6752d8dfb7eee6	gb|KX686078|Syngnathus_fuscus	100.000	104	0	0	1	104	189	292	4.48e-48	193
2a52f7d018e355b8ac6752d8dfb7eee6	gb|OK172580|Syngnathus_fuscus	100.000	104	0	0	1	104	432	535	4.48e-48	193
ed00c11476e9a07d3441cb0a1073d3ab	gb|OR546212|Citharichthys_stigmaeus	100.000	107	0	0	1	107	504	610	9.99e-50	198
ed00c11476e9a07d3441cb0a1073d3ab	gb|OP056804|Etropus_microstomus	100.000	107	0	0	1	107	505	611	9.99e-50	198
ed00c11476e9a07d3441cb0a1073d3ab	gb|AF488502|Etropus_microstomus	100.000	107	0	0	1	107	436	542	9.99e-50	198
7e06b2d16b7ec7d476ae50d1b431639b	gb|PP928730|Alosa_fallax	100.000	105	0	0	2	106	11727	11831	1.28e-48	195
7e06b2d16b7ec7d476ae50d1b431639b	gb|CM080641|Alosa_pseudoharengus	100.000	105	0	0	2	106	507	611	1.28e-48	195
7e06b2d16b7ec7d476ae50d1b431639b	gb|PP620795|Alosa_sapidissima	100.000	105	0	0	2	106	203	307	1.28e-48	195
7e06b2d16b7ec7d476ae50d1b431639b	gb|OP931010|Alosa_agone	100.000	105	0	0	2	106	196	300	1.28e-48	195
7e06b2d16b7ec7d476ae50d1b431639b	gb|OP931011|Alosa_agone	100.000	105	0	0	2	106	196	300	1.28e-48	195
7e06b2d16b7ec7d476ae50d1b431639b	gb|OP931012|Alosa_agone	100.000	105	0	0	2	106	196	300	1.28e-48	195
7e06b2d16b7ec7d476ae50d1b431639b	gb|OP931013|Alosa_agone	100.000	105	0	0	2	106	196	300	1.28e-48	195
7e06b2d16b7ec7d476ae50d1b431639b	gb|OP931014|Alosa_agone	100.000	105	0	0	2	106	196	300	1.28e-48	195
7e06b2d16b7ec7d476ae50d1b431639b	gb|OP931015|Alosa_agone	100.000	105	0	0	2	106	196	300	1.28e-48	195
7e06b2d16b7ec7d476ae50d1b431639b	gb|OP931016|Alosa_agone	100.000	105	0	0	2	106	196	300	1.28e-48	195
233903b031f5249d1d5bcc40c350c628	gb|OP057012|Gobiosoma_bosc	100.000	105	0	0	1	105	510	614	1.26e-48	195
233903b031f5249d1d5bcc40c350c628	gb|OP154177|Gobiosoma_bosc	100.000	105	0	0	1	105	225	329	1.26e-48	195
233903b031f5249d1d5bcc40c350c628	gb|OP154178|Gobiosoma_bosc	100.000	105	0	0	1	105	437	541	1.26e-48	195
233903b031f5249d1d5bcc40c350c628	gb|AF491095|Gobiosoma_bosc	100.000	100	0	0	6	105	1	100	7.58e-46	185
233903b031f5249d1d5bcc40c350c628	gb|AF491094|Gobiosoma_bosc	100.000	100	0	0	6	105	1	100	7.58e-46	185
233903b031f5249d1d5bcc40c350c628	gb|AF491093|Gobiosoma_bosc	100.000	100	0	0	6	105	1	100	7.58e-46	185
233903b031f5249d1d5bcc40c350c628	gb|AF491092|Gobiosoma_bosc	100.000	100	0	0	6	105	1	100	7.58e-46	185
233903b031f5249d1d5bcc40c350c628	gb|AF491091|Gobiosoma_bosc	100.000	100	0	0	6	105	1	100	7.58e-46	185
01f9f22b222897bd5c0372d8640c15e5	gb|PP033003|Rhomboplites_aurorubens	100.000	106	0	0	1	106	511	616	3.55e-49	196
01f9f22b222897bd5c0372d8640c15e5	gb|OR482469|Rhomboplites_aurorubens	100.000	106	0	0	1	106	513	618	3.55e-49	196
9c8a7b893d0fdaf8c1c89606cfce1c08	gb|OP056913|Enchelyopus_cimbrius	100.000	106	0	0	1	106	504	609	3.55e-49	196
9c8a7b893d0fdaf8c1c89606cfce1c08	gb|FJ215025|Enchelyopus_cimbrius	100.000	106	0	0	1	106	155	260	3.55e-49	196
3956f5a5105c1b073bb4dfbaa8d26f5c	gb|OQ210110|Gadus_morhua	100.000	106	0	0	1	106	511	616	3.55e-49	196
b601aa8c7097e2da4261351f59991d47	gb|OP056822|Gobiosoma_ginsburgi	100.000	105	0	0	1	105	510	614	1.26e-48	195
b601aa8c7097e2da4261351f59991d47	gb|KX686094|Gobiosoma_ginsburgi	100.000	105	0	0	1	105	190	294	1.26e-48	195
b601aa8c7097e2da4261351f59991d47	gb|KX686093|Gobiosoma_ginsburgi	100.000	105	0	0	1	105	190	294	1.26e-48	195
b601aa8c7097e2da4261351f59991d47	gb|KX686075|Gobiosoma_ginsburgi	100.000	105	0	0	1	105	190	294	1.26e-48	195
ad46f0f43a2c670f7bdf0388b0cc8c08	gb|OP154142|Carcharhinus_acronotus	100.000	105	0	0	1	105	234	338	1.26e-48	195
ad46f0f43a2c670f7bdf0388b0cc8c08	gb|KJ740750|Carcharhinus_plumbeus	100.000	105	0	0	1	105	522	626	1.26e-48	195
912785bf396173d4c55f91a117bf79f3	gb|OR546174|Prionotus_evolans	100.000	106	0	0	1	106	510	615	3.55e-49	196
912785bf396173d4c55f91a117bf79f3	gb|KX686081|Prionotus_evolans	100.000	106	0	0	1	106	193	298	3.55e-49	196
4feb4cae27c142cc61d49716415710bb	gb|OP057062|Euthynnus_lineatus	100.000	106	0	0	1	106	508	613	3.55e-49	196
4feb4cae27c142cc61d49716415710bb	gb|ON889559|Euthynnus_affinis	100.000	106	0	0	1	106	2	107	3.55e-49	196
4feb4cae27c142cc61d49716415710bb	gb|ON890039|Euthynnus_affinis	100.000	106	0	0	1	106	2	107	3.55e-49	196
4feb4cae27c142cc61d49716415710bb	gb|ON890040|Euthynnus_affinis	100.000	106	0	0	1	106	2	107	3.55e-49	196
4feb4cae27c142cc61d49716415710bb	gb|MW232429|Katsuwonus_pelamis	100.000	106	0	0	1	106	507	612	3.55e-49	196
4feb4cae27c142cc61d49716415710bb	gb|MW232426|Katsuwonus_pelamis	100.000	106	0	0	1	106	507	612	3.55e-49	196
4feb4cae27c142cc61d49716415710bb	gb|MW232424|Euthynnus_alletteratus	100.000	106	0	0	1	106	506	611	3.55e-49	196
4feb4cae27c142cc61d49716415710bb	gb|MW232423|Euthynnus_affinis	100.000	106	0	0	1	106	507	612	3.55e-49	196
4feb4cae27c142cc61d49716415710bb	gb|MW232422|Euthynnus_affinis	100.000	106	0	0	1	106	507	612	3.55e-49	196
4feb4cae27c142cc61d49716415710bb	gb|AB176808|Katsuwonus_pelamis	100.000	106	0	0	1	106	3	108	3.55e-49	196
ea68f411250fc5b479873a7b9722165e	gb|OR546192|Prionotus_carolinus	100.000	104	0	0	1	104	508	611	4.59e-48	193
ea68f411250fc5b479873a7b9722165e	gb|MH377834|Prionotus_carolinus	100.000	104	0	0	1	104	187	290	4.59e-48	193
57e36afa35cdd4eb926e45fe6cd010fa	gb|PP911624|Anguilla_mossambica	100.000	105	0	0	2	106	340	444	1.28e-48	195
57e36afa35cdd4eb926e45fe6cd010fa	gb|PP911625|Anguilla_mossambica	100.000	105	0	0	2	106	340	444	1.28e-48	195
57e36afa35cdd4eb926e45fe6cd010fa	gb|CM077320|Anguilla_bicolor_pacifica	100.000	105	0	0	2	106	11873	11977	1.28e-48	195
57e36afa35cdd4eb926e45fe6cd010fa	gb|PP620799|Anguilla_rostrata	100.000	105	0	0	2	106	200	304	1.28e-48	195
57e36afa35cdd4eb926e45fe6cd010fa	gb|PP405427|Anguilla_australis	100.000	105	0	0	2	106	507	611	1.28e-48	195
57e36afa35cdd4eb926e45fe6cd010fa	gb|OP931024|Anguilla_anguilla	100.000	105	0	0	2	106	194	298	1.28e-48	195
57e36afa35cdd4eb926e45fe6cd010fa	gb|OP931026|Anguilla_anguilla	100.000	105	0	0	2	106	194	298	1.28e-48	195
57e36afa35cdd4eb926e45fe6cd010fa	gb|OP931027|Anguilla_anguilla	100.000	105	0	0	2	106	194	298	1.28e-48	195
57e36afa35cdd4eb926e45fe6cd010fa	gb|OP931028|Anguilla_anguilla	100.000	105	0	0	2	106	194	298	1.28e-48	195
57e36afa35cdd4eb926e45fe6cd010fa	gb|OP931029|Anguilla_anguilla	100.000	105	0	0	2	106	194	298	1.28e-48	195
5def6094297b73ea66839e07c98f7698	gb|OR499725|Merluccius_bilinearis	100.000	105	0	0	2	106	1462	1566	1.28e-48	195
5def6094297b73ea66839e07c98f7698	gb|MH377833|Merluccius_bilinearis	100.000	105	0	0	2	106	194	298	1.28e-48	195
71e6056a57e47b60dd5761bbb7128e57	gb|OR482466|Peristedion_longispatha	100.000	106	0	0	1	106	506	611	3.55e-49	196
71e6056a57e47b60dd5761bbb7128e57	gb|OR482478|Peristedion_miniatum	100.000	106	0	0	1	106	506	611	3.55e-49	196
71e6056a57e47b60dd5761bbb7128e57	gb|OP057105|Peristedion_imberbe	100.000	106	0	0	1	106	5169	5064	3.55e-49	196
71e6056a57e47b60dd5761bbb7128e57	gb|MH377832|Ulvaria_subbifurcata	100.000	106	0	0	1	106	192	297	3.55e-49	196
71e6056a57e47b60dd5761bbb7128e57	gb|MH377831|Ulvaria_subbifurcata	100.000	106	0	0	1	106	192	297	3.55e-49	196
71e6056a57e47b60dd5761bbb7128e57	gb|MT103910|Eumesogrammus_praecisus	100.000	106	0	0	1	106	281	386	3.55e-49	196
71e6056a57e47b60dd5761bbb7128e57	gb|MN883173|Peristedion_miniatum	100.000	106	0	0	1	106	192	297	3.55e-49	196
71e6056a57e47b60dd5761bbb7128e57	gb|MN883172|Peristedion_miniatum	100.000	106	0	0	1	106	192	297	3.55e-49	196
a9ae863bc917eb167d49129356480433	gb|PP911624|Anguilla_mossambica	100.000	107	0	0	1	107	338	444	9.99e-50	198
a9ae863bc917eb167d49129356480433	gb|PP911625|Anguilla_mossambica	100.000	107	0	0	1	107	338	444	9.99e-50	198
a9ae863bc917eb167d49129356480433	gb|CM077320|Anguilla_bicolor_pacifica	100.000	107	0	0	1	107	11871	11977	9.99e-50	198
a9ae863bc917eb167d49129356480433	gb|PP620799|Anguilla_rostrata	100.000	107	0	0	1	107	198	304	9.99e-50	198
a9ae863bc917eb167d49129356480433	gb|PP405427|Anguilla_australis	100.000	107	0	0	1	107	505	611	9.99e-50	198
a9ae863bc917eb167d49129356480433	gb|OP931024|Anguilla_anguilla	100.000	107	0	0	1	107	192	298	9.99e-50	198
a9ae863bc917eb167d49129356480433	gb|OP931026|Anguilla_anguilla	100.000	107	0	0	1	107	192	298	9.99e-50	198
a9ae863bc917eb167d49129356480433	gb|OP931027|Anguilla_anguilla	100.000	107	0	0	1	107	192	298	9.99e-50	198
a9ae863bc917eb167d49129356480433	gb|OP931028|Anguilla_anguilla	100.000	107	0	0	1	107	192	298	9.99e-50	198
a9ae863bc917eb167d49129356480433	gb|OP931029|Anguilla_anguilla	100.000	107	0	0	1	107	192	298	9.99e-50	198
dd4051eb917b90f2a5a500d607566fa9	gb|OR582683|Peprilus_triacanthus	100.000	105	0	0	2	106	317	421	1.28e-48	195
dd4051eb917b90f2a5a500d607566fa9	gb|OR224435|Peprilus_burti	100.000	105	0	0	2	106	270	374	1.28e-48	195
dd4051eb917b90f2a5a500d607566fa9	gb|OR224436|Peprilus_burti	100.000	105	0	0	2	106	270	374	1.28e-48	195
dd4051eb917b90f2a5a500d607566fa9	gb|OP056924|Peprilus_burti	100.000	105	0	0	2	106	508	612	1.28e-48	195
dd4051eb917b90f2a5a500d607566fa9	gb|KX686076|Peprilus_triacanthus	100.000	105	0	0	2	106	190	294	1.28e-48	195
dd4051eb917b90f2a5a500d607566fa9	gb|AP012947|Peprilus_burti	100.000	105	0	0	2	106	507	611	1.28e-48	195
fff74398dce71dd620dee7575a1349bb	gb|OR499725|Merluccius_bilinearis	100.000	105	0	0	1	105	1461	1565	1.29e-48	195
fff74398dce71dd620dee7575a1349bb	gb|MH377833|Merluccius_bilinearis	100.000	105	0	0	1	105	193	297	1.29e-48	195
bf17f4c4e79ba32d6ae63926950fef27	gb|OP057031|Alopias_vulpinus	100.000	105	0	0	1	105	521	625	1.26e-48	195
bf17f4c4e79ba32d6ae63926950fef27	gb|MF125278|Alopias_vulpinus	100.000	105	0	0	1	105	521	625	1.26e-48	195
bf17f4c4e79ba32d6ae63926950fef27	gb|AY147892|Alopias_vulpinus	100.000	105	0	0	1	105	489	593	1.26e-48	195
bf17f4c4e79ba32d6ae63926950fef27	gb|MF374733|Alopias_vulpinus	100.000	105	0	0	1	105	521	625	1.26e-48	195
bf17f4c4e79ba32d6ae63926950fef27	gb|MT410939|Alopias_vulpinus	100.000	105	0	0	1	105	521	625	1.26e-48	195
3263823015a44ae565e2a900fd06ab34	gb|AB370893|Menidia_menidia	100.000	104	0	0	3	106	510	613	4.59e-48	193
3263823015a44ae565e2a900fd06ab34	gb|MH538898|Menidia_menidia	100.000	104	0	0	3	106	510	613	4.59e-48	193
3263823015a44ae565e2a900fd06ab34	gb|MH538897|Menidia_menidia	100.000	104	0	0	3	106	510	613	4.59e-48	193
3263823015a44ae565e2a900fd06ab34	gb|MH538896|Menidia_menidia	100.000	104	0	0	3	106	510	613	4.59e-48	193
3263823015a44ae565e2a900fd06ab34	gb|MH538894|Menidia_menidia	100.000	104	0	0	3	106	510	613	4.59e-48	193
3263823015a44ae565e2a900fd06ab34	gb|MH538893|Menidia_menidia	100.000	104	0	0	3	106	510	613	4.59e-48	193
3263823015a44ae565e2a900fd06ab34	gb|MH538892|Menidia_menidia	100.000	104	0	0	3	106	510	613	4.59e-48	193
3263823015a44ae565e2a900fd06ab34	gb|MH538891|Menidia_menidia	100.000	104	0	0	3	106	510	613	4.59e-48	193
3263823015a44ae565e2a900fd06ab34	gb|MH538890|Menidia_menidia	100.000	104	0	0	3	106	510	613	4.59e-48	193
3263823015a44ae565e2a900fd06ab34	gb|MH538889|Menidia_menidia	100.000	104	0	0	3	106	510	613	4.59e-48	193
fa5806fdef0daf48e87333a872f06034	gb|OR546192|Prionotus_carolinus	100.000	105	0	0	2	106	509	613	1.28e-48	195
fa5806fdef0daf48e87333a872f06034	gb|MH377834|Prionotus_carolinus	100.000	105	0	0	2	106	188	292	1.28e-48	195
acade8b48617ebb277f69fa28c950a36	gb|OP056918|Cryptacanthodes_maculatus	100.000	106	0	0	1	106	507	612	3.55e-49	196
fa0eb5f95c8d8e70dbc6f5a01dad736d	gb|AB445126|Apeltes_quadracus	100.000	105	0	0	2	106	505	609	1.28e-48	195
fee2621f398218422eb4d0a580669b4b	gb|MW818198|Raja_clavata	100.000	112	0	0	1	112	454	565	1.76e-52	207
fee2621f398218422eb4d0a580669b4b	gb|MW818197|Raja_clavata	100.000	112	0	0	1	112	454	565	1.76e-52	207
fee2621f398218422eb4d0a580669b4b	gb|MT890694|Dipturus_batis	100.000	112	0	0	1	112	523	634	1.76e-52	207
fee2621f398218422eb4d0a580669b4b	gb|MT890693|Dipturus_batis	100.000	112	0	0	1	112	523	634	1.76e-52	207
fee2621f398218422eb4d0a580669b4b	gb|MT890692|Dipturus_batis	100.000	112	0	0	1	112	523	634	1.76e-52	207
fee2621f398218422eb4d0a580669b4b	gb|EF100187|Raja_undulata	100.000	112	0	0	1	112	482	593	1.76e-52	207
fee2621f398218422eb4d0a580669b4b	gb|EF100186|Raja_clavata	100.000	112	0	0	1	112	482	593	1.76e-52	207
fee2621f398218422eb4d0a580669b4b	gb|EF100185|Raja_polystigma	100.000	112	0	0	1	112	482	593	1.76e-52	207
fee2621f398218422eb4d0a580669b4b	gb|EF081275|Dipturus_batis	100.000	112	0	0	1	112	482	593	1.76e-52	207
fee2621f398218422eb4d0a580669b4b	gb|EF081274|Dipturus_batis	100.000	112	0	0	1	112	482	593	1.76e-52	207
2def03f6d87f27f9f996fea635258b79	gb|PP620811|Fundulus_diaphanus	100.000	105	0	0	1	105	192	296	1.26e-48	195
2def03f6d87f27f9f996fea635258b79	gb|CM073191|Fundulus_diaphanus	100.000	105	0	0	1	105	506	610	1.26e-48	195
2def03f6d87f27f9f996fea635258b79	gb|OM736858|Fundulus_diaphanus	100.000	105	0	0	1	105	505	609	1.26e-48	195
2def03f6d87f27f9f996fea635258b79	gb|OL435158|Fundulus_diaphanus	100.000	105	0	0	1	105	506	610	1.26e-48	195
2def03f6d87f27f9f996fea635258b79	gb|OL457428|Fundulus_diaphanus	100.000	105	0	0	1	105	506	610	1.26e-48	195
2def03f6d87f27f9f996fea635258b79	gb|MW856841|Fundulus_diaphanus	100.000	105	0	0	1	105	506	610	1.26e-48	195
2def03f6d87f27f9f996fea635258b79	gb|FJ445395|Fundulus_diaphanus	100.000	105	0	0	1	105	506	610	1.26e-48	195
2def03f6d87f27f9f996fea635258b79	gb|FJ445394|Fundulus_diaphanus	100.000	105	0	0	1	105	506	610	1.26e-48	195
b482cfb3fb1a4b2ee313b04c480960a4	gb|KT869378|Fundulus_heteroclitus	100.000	104	0	0	2	105	507	610	4.53e-48	193
b482cfb3fb1a4b2ee313b04c480960a4	gb|KX686098|Fundulus_heteroclitus	100.000	104	0	0	2	105	191	294	4.53e-48	193
b482cfb3fb1a4b2ee313b04c480960a4	gb|KX686092|Fundulus_heteroclitus	100.000	104	0	0	2	105	191	294	4.53e-48	193
b482cfb3fb1a4b2ee313b04c480960a4	gb|KX686091|Fundulus_heteroclitus	100.000	104	0	0	2	105	191	294	4.53e-48	193
b482cfb3fb1a4b2ee313b04c480960a4	gb|KX686077|Fundulus_heteroclitus	100.000	104	0	0	2	105	191	294	4.53e-48	193
b482cfb3fb1a4b2ee313b04c480960a4	gb|FJ445402|Fundulus_heteroclitus	100.000	104	0	0	2	105	507	610	4.53e-48	193
b482cfb3fb1a4b2ee313b04c480960a4	gb|FJ445401|Fundulus_heteroclitus	100.000	104	0	0	2	105	507	610	4.53e-48	193
b482cfb3fb1a4b2ee313b04c480960a4	gb|FJ445400|Fundulus_heteroclitus	100.000	104	0	0	2	105	507	610	4.53e-48	193
b482cfb3fb1a4b2ee313b04c480960a4	gb|FJ445399|Fundulus_heteroclitus	100.000	104	0	0	2	105	507	610	4.53e-48	193
b482cfb3fb1a4b2ee313b04c480960a4	gb|FJ445398|Fundulus_heteroclitus	100.000	104	0	0	2	105	507	610	4.53e-48	193
dc341e69ec40b8f218229c0193f9e139	gb|AY484974|Pristipomoides_typus	100.000	105	0	0	3	107	33	137	1.29e-48	195
dc341e69ec40b8f218229c0193f9e139	gb|AY484973|Caesio_cuning	100.000	105	0	0	3	107	33	137	1.29e-48	195
bae49dfe40cd2cea7f95cf69076002f3	gb|OP056989|Sphoeroides_dorsalis	100.000	106	0	0	1	106	508	613	3.55e-49	196
bae49dfe40cd2cea7f95cf69076002f3	gb|AY700283|Sphoeroides_dorsalis	100.000	106	0	0	1	106	439	544	3.55e-49	196
923c8a5f4c1bbe0be8e7f86a20fa69fa	gb|KT723027|Ammodytes_americanus	100.000	103	0	0	1	103	505	607	1.65e-47	191
923c8a5f4c1bbe0be8e7f86a20fa69fa	gb|KT723026|Ammodytes_dubius	100.000	103	0	0	1	103	505	607	1.65e-47	191
5daa0b8399decc9caa3f0118be5a7be5	gb|PP620824|Morone_americana	100.000	106	0	0	1	106	205	310	3.55e-49	196
5daa0b8399decc9caa3f0118be5a7be5	gb|OR094989|Morone_americana	100.000	106	0	0	1	106	429	534	3.55e-49	196
5daa0b8399decc9caa3f0118be5a7be5	gb|OR094990|Morone_americana	100.000	106	0	0	1	106	432	537	3.55e-49	196
5daa0b8399decc9caa3f0118be5a7be5	gb|OR094991|Morone_americana	100.000	106	0	0	1	106	442	547	3.55e-49	196
5daa0b8399decc9caa3f0118be5a7be5	gb|MT667246|Morone_americana	100.000	106	0	0	1	106	512	617	3.55e-49	196
5daa0b8399decc9caa3f0118be5a7be5	gb|MT667241|Morone_americana	100.000	106	0	0	1	106	512	617	3.55e-49	196
5daa0b8399decc9caa3f0118be5a7be5	gb|KU641485|Morone_americana	100.000	106	0	0	1	106	512	617	3.55e-49	196
5daa0b8399decc9caa3f0118be5a7be5	gb|AP006790|Morone_americana	100.000	106	0	0	1	106	512	617	3.55e-49	196
5daa0b8399decc9caa3f0118be5a7be5	gb|MT484064|Morone_americana	100.000	101	0	0	6	106	1	101	2.14e-46	187
5daa0b8399decc9caa3f0118be5a7be5	gb|MT484063|Morone_americana	100.000	101	0	0	6	106	1	101	2.14e-46	187
fe1132c9f7b705fbc7d7a1d7ea7874e5	gb|OR603872|Centropristis_striata	100.000	105	0	0	2	106	440	544	1.28e-48	195
fe1132c9f7b705fbc7d7a1d7ea7874e5	gb|OR546218|Centropristis_striata	100.000	105	0	0	2	106	509	613	1.28e-48	195
fe1132c9f7b705fbc7d7a1d7ea7874e5	gb|KX686079|Centropristis_striata	100.000	105	0	0	2	106	192	296	1.28e-48	195
fe1132c9f7b705fbc7d7a1d7ea7874e5	gb|MH645336|Centropristis_striata	100.000	105	0	0	2	106	509	613	1.28e-48	195
f45032e0f0edf5f66db8645c3da521af	gb|AB370893|Menidia_menidia	100.000	105	0	0	2	106	509	613	1.28e-48	195
f45032e0f0edf5f66db8645c3da521af	gb|MH538898|Menidia_menidia	100.000	105	0	0	2	106	509	613	1.28e-48	195
f45032e0f0edf5f66db8645c3da521af	gb|MH538897|Menidia_menidia	100.000	105	0	0	2	106	509	613	1.28e-48	195
f45032e0f0edf5f66db8645c3da521af	gb|MH538896|Menidia_menidia	100.000	105	0	0	2	106	509	613	1.28e-48	195
f45032e0f0edf5f66db8645c3da521af	gb|MH538894|Menidia_menidia	100.000	105	0	0	2	106	509	613	1.28e-48	195
f45032e0f0edf5f66db8645c3da521af	gb|MH538893|Menidia_menidia	100.000	105	0	0	2	106	509	613	1.28e-48	195
f45032e0f0edf5f66db8645c3da521af	gb|MH538892|Menidia_menidia	100.000	105	0	0	2	106	509	613	1.28e-48	195
f45032e0f0edf5f66db8645c3da521af	gb|MH538891|Menidia_menidia	100.000	105	0	0	2	106	509	613	1.28e-48	195
f45032e0f0edf5f66db8645c3da521af	gb|MH538890|Menidia_menidia	100.000	105	0	0	2	106	509	613	1.28e-48	195
f45032e0f0edf5f66db8645c3da521af	gb|MH538889|Menidia_menidia	100.000	105	0	0	2	106	509	613	1.28e-48	195
72f3ca241362b9e8bf3c8fec8fcc32ff	gb|LC340110|Liparis_miostomus	100.000	106	0	0	1	106	395	500	3.55e-49	196
72f3ca241362b9e8bf3c8fec8fcc32ff	gb|MN880630|Liparis_tessellatus	100.000	104	0	0	1	104	506	609	4.59e-48	193
72f3ca241362b9e8bf3c8fec8fcc32ff	gb|LC493941|Liparis_tessellatus	100.000	104	0	0	1	104	505	608	4.59e-48	193
72f3ca241362b9e8bf3c8fec8fcc32ff	gb|LC493937|Liparis_tanakae	100.000	104	0	0	1	104	505	608	4.59e-48	193
23d74b59eece83c4b0a1cf43f8313c62	gb|CM072085|Leucoraja_ocellata	100.000	113	0	0	1	113	523	635	4.96e-53	209
23d74b59eece83c4b0a1cf43f8313c62	gb|CM048837|Leucoraja_erinacea	100.000	113	0	0	1	113	14064	13952	4.96e-53	209
23d74b59eece83c4b0a1cf43f8313c62	gb|CM048837|Leucoraja_erinacea	100.000	113	0	0	1	113	30788	30676	4.96e-53	209
23d74b59eece83c4b0a1cf43f8313c62	gb|EF100182|Rajella_fyllae	100.000	113	0	0	1	113	482	594	4.96e-53	209
23d74b59eece83c4b0a1cf43f8313c62	gb|KX929913|Rajella_fyllae	100.000	113	0	0	1	113	125	237	4.96e-53	209
23d74b59eece83c4b0a1cf43f8313c62	gb|JQ034406|Leucoraja_erinacea	100.000	113	0	0	1	113	523	635	4.96e-53	209
23d74b59eece83c4b0a1cf43f8313c62	gb|MH377765|Leucoraja_ocellata	100.000	113	0	0	1	113	204	316	4.96e-53	209
23d74b59eece83c4b0a1cf43f8313c62	gb|MH377764|Leucoraja_ocellata	100.000	113	0	0	1	113	204	316	4.96e-53	209
23d74b59eece83c4b0a1cf43f8313c62	gb|MH377763|Leucoraja_ocellata	100.000	113	0	0	1	113	204	316	4.96e-53	209
23d74b59eece83c4b0a1cf43f8313c62	gb|MH377762|Leucoraja_ocellata	100.000	113	0	0	1	113	204	316	4.96e-53	209
23d74b59eece83c4b0a1cf43f8313c62	gb|MH377761|Leucoraja_ocellata	100.000	113	0	0	1	113	204	316	4.96e-53	209
9700721a78a004261c36c0e91637a62f	gb|AB445126|Apeltes_quadracus	100.000	104	0	0	1	104	504	607	4.59e-48	193
d33d1d19c918f501785c1b1c4c550b91	gb|OP154174|Myrophis_punctatus	100.000	106	0	0	1	106	334	439	3.55e-49	196
d33d1d19c918f501785c1b1c4c550b91	gb|OP154175|Myrophis_punctatus	100.000	106	0	0	1	106	222	327	3.55e-49	196
d33d1d19c918f501785c1b1c4c550b91	gb|OP154176|Myrophis_punctatus	100.000	106	0	0	1	106	267	372	3.55e-49	196
c20012982895b04d13de2f753fab6067	gb|LC822260|Pholis_crassispina	100.000	106	0	0	1	106	378	483	3.55e-49	196
c20012982895b04d13de2f753fab6067	gb|LC770392|Pholis_crassispina	100.000	106	0	0	1	106	378	483	3.55e-49	196
c20012982895b04d13de2f753fab6067	gb|LC770393|Pholis_nebulosa	100.000	106	0	0	1	106	379	484	3.55e-49	196
c20012982895b04d13de2f753fab6067	gb|LC767263|Pholis_crassispina	100.000	106	0	0	1	106	378	483	3.55e-49	196
c20012982895b04d13de2f753fab6067	gb|LC767264|Pholis_nebulosa	100.000	106	0	0	1	106	379	484	3.55e-49	196
c20012982895b04d13de2f753fab6067	gb|OL806593|Pholis_ornata	100.000	106	0	0	1	106	507	612	3.55e-49	196
c20012982895b04d13de2f753fab6067	gb|MW995370|Pholis_gunnellus	100.000	106	0	0	1	106	186	291	3.55e-49	196
c20012982895b04d13de2f753fab6067	gb|MT942974|Dictyosoma_burgeri	100.000	106	0	0	1	106	508	613	3.55e-49	196
c20012982895b04d13de2f753fab6067	gb|MT621236|Kasatkia_memorabilis	100.000	106	0	0	1	106	507	612	3.55e-49	196
c20012982895b04d13de2f753fab6067	gb|MT621235|Kasatkia_memorabilis	100.000	106	0	0	1	106	507	612	3.55e-49	196
0ab9662d76fa449373c081aafc16f14a	gb|AB370893|Menidia_menidia	100.000	104	0	0	1	104	508	611	4.59e-48	193
0ab9662d76fa449373c081aafc16f14a	gb|MH538898|Menidia_menidia	100.000	104	0	0	1	104	508	611	4.59e-48	193
0ab9662d76fa449373c081aafc16f14a	gb|MH538897|Menidia_menidia	100.000	104	0	0	1	104	508	611	4.59e-48	193
0ab9662d76fa449373c081aafc16f14a	gb|MH538896|Menidia_menidia	100.000	104	0	0	1	104	508	611	4.59e-48	193
0ab9662d76fa449373c081aafc16f14a	gb|MH538894|Menidia_menidia	100.000	104	0	0	1	104	508	611	4.59e-48	193
0ab9662d76fa449373c081aafc16f14a	gb|MH538893|Menidia_menidia	100.000	104	0	0	1	104	508	611	4.59e-48	193
0ab9662d76fa449373c081aafc16f14a	gb|MH538892|Menidia_menidia	100.000	104	0	0	1	104	508	611	4.59e-48	193
0ab9662d76fa449373c081aafc16f14a	gb|MH538891|Menidia_menidia	100.000	104	0	0	1	104	508	611	4.59e-48	193
0ab9662d76fa449373c081aafc16f14a	gb|MH538890|Menidia_menidia	100.000	104	0	0	1	104	508	611	4.59e-48	193
0ab9662d76fa449373c081aafc16f14a	gb|MH538889|Menidia_menidia	100.000	104	0	0	1	104	508	611	4.59e-48	193
2073247497364fcac26babc83f4c329d	gb|PP032998|Pomatomus_saltatrix	100.000	107	0	0	2	108	515	621	1.01e-49	198
2073247497364fcac26babc83f4c329d	gb|AF055591|Pomatomus_saltatrix	100.000	107	0	0	2	108	469	575	1.01e-49	198
2073247497364fcac26babc83f4c329d	gb|AB355904|Pomatomus_saltatrix	100.000	107	0	0	2	108	515	621	1.01e-49	198
2073247497364fcac26babc83f4c329d	gb|FJ374791|Pomatomus_saltatrix	100.000	107	0	0	2	108	446	552	1.01e-49	198
98e2c208875fe311c184471160082878	gb|AB445126|Apeltes_quadracus	100.000	107	0	0	1	107	503	609	9.99e-50	198
51ba651e66f3c6568db5aa853d7e4e62	gb|MH538718|Menidia_menidia	100.000	106	0	0	1	106	508	613	3.55e-49	196
14f5a1d4993cbbaac9426a2ccb964d26	gb|CM075536|Lophius_americanus	100.000	106	0	0	1	106	511	616	3.55e-49	196
14f5a1d4993cbbaac9426a2ccb964d26	gb|OR482479|Lophius_americanus	100.000	106	0	0	1	106	511	616	3.55e-49	196
14f5a1d4993cbbaac9426a2ccb964d26	gb|OR482500|Lophius_americanus	100.000	106	0	0	1	106	511	616	3.55e-49	196
14f5a1d4993cbbaac9426a2ccb964d26	gb|OR482502|Lophiidae_sp.	100.000	106	0	0	1	106	511	616	3.55e-49	196
14f5a1d4993cbbaac9426a2ccb964d26	gb|OR482505|Lophius_americanus	100.000	106	0	0	1	106	511	616	3.55e-49	196
14f5a1d4993cbbaac9426a2ccb964d26	gb|AY700233|Lophius_americanus	100.000	106	0	0	1	106	441	546	3.55e-49	196
14f5a1d4993cbbaac9426a2ccb964d26	gb|MH377776|Lophius_americanus	100.000	106	0	0	1	106	192	297	3.55e-49	196
14f5a1d4993cbbaac9426a2ccb964d26	gb|AP004414|Lophius_americanus	100.000	106	0	0	1	106	511	616	3.55e-49	196
d66441776b9986f2d4a95cf5895dc693	gb|AY484974|Pristipomoides_typus	100.000	104	0	0	1	104	31	134	4.65e-48	193
d66441776b9986f2d4a95cf5895dc693	gb|AY484973|Caesio_cuning	100.000	104	0	0	1	104	31	134	4.65e-48	193
5383aabf1cf2376e60802ee68be7fe22	gb|KX929906|Mallotus_villosus	100.000	106	0	0	1	106	127	232	3.55e-49	196
5383aabf1cf2376e60802ee68be7fe22	gb|HM106491|Mallotus_villosus	100.000	106	0	0	1	106	504	609	3.55e-49	196
76d87af44706817adcf635b427d64983	gb|PP928730|Alosa_fallax	100.000	104	0	0	3	106	11728	11831	4.59e-48	193
76d87af44706817adcf635b427d64983	gb|CM080641|Alosa_pseudoharengus	100.000	104	0	0	3	106	508	611	4.59e-48	193
76d87af44706817adcf635b427d64983	gb|PP620795|Alosa_sapidissima	100.000	104	0	0	3	106	204	307	4.59e-48	193
76d87af44706817adcf635b427d64983	gb|OP931010|Alosa_agone	100.000	104	0	0	3	106	197	300	4.59e-48	193
76d87af44706817adcf635b427d64983	gb|OP931011|Alosa_agone	100.000	104	0	0	3	106	197	300	4.59e-48	193
76d87af44706817adcf635b427d64983	gb|OP931012|Alosa_agone	100.000	104	0	0	3	106	197	300	4.59e-48	193
76d87af44706817adcf635b427d64983	gb|OP931013|Alosa_agone	100.000	104	0	0	3	106	197	300	4.59e-48	193
76d87af44706817adcf635b427d64983	gb|OP931014|Alosa_agone	100.000	104	0	0	3	106	197	300	4.59e-48	193
76d87af44706817adcf635b427d64983	gb|OP931015|Alosa_agone	100.000	104	0	0	3	106	197	300	4.59e-48	193
76d87af44706817adcf635b427d64983	gb|OP931016|Alosa_agone	100.000	104	0	0	3	106	197	300	4.59e-48	193
3805b0da311ad6dea50e00a455b5b36a	gb|MW630161|Tautogolabrus_adspersus	100.000	105	0	0	2	106	439	543	1.28e-48	195
3805b0da311ad6dea50e00a455b5b36a	gb|AY279649|Tautogolabrus_adspersus	100.000	105	0	0	2	106	441	545	1.28e-48	195
3805b0da311ad6dea50e00a455b5b36a	gb|OK172578|Tautogolabrus_adspersus	100.000	105	0	0	2	106	439	543	1.28e-48	195
b065c5e0051d30f0cb40d3978e56dc66	gb|OR582683|Peprilus_triacanthus	100.000	104	0	0	3	106	318	421	4.59e-48	193
b065c5e0051d30f0cb40d3978e56dc66	gb|OR224435|Peprilus_burti	100.000	104	0	0	3	106	271	374	4.59e-48	193
b065c5e0051d30f0cb40d3978e56dc66	gb|OR224436|Peprilus_burti	100.000	104	0	0	3	106	271	374	4.59e-48	193
b065c5e0051d30f0cb40d3978e56dc66	gb|OP056924|Peprilus_burti	100.000	104	0	0	3	106	509	612	4.59e-48	193
b065c5e0051d30f0cb40d3978e56dc66	gb|KX686076|Peprilus_triacanthus	100.000	104	0	0	3	106	191	294	4.59e-48	193
b065c5e0051d30f0cb40d3978e56dc66	gb|AP012947|Peprilus_burti	100.000	104	0	0	3	106	508	611	4.59e-48	193
191e8b9ea814c640645133acc10acdb4	gb|KT869378|Fundulus_heteroclitus	100.000	103	0	0	1	103	506	608	1.63e-47	191
191e8b9ea814c640645133acc10acdb4	gb|KX686098|Fundulus_heteroclitus	100.000	103	0	0	1	103	190	292	1.63e-47	191
191e8b9ea814c640645133acc10acdb4	gb|KX686092|Fundulus_heteroclitus	100.000	103	0	0	1	103	190	292	1.63e-47	191
191e8b9ea814c640645133acc10acdb4	gb|KX686091|Fundulus_heteroclitus	100.000	103	0	0	1	103	190	292	1.63e-47	191
191e8b9ea814c640645133acc10acdb4	gb|KX686077|Fundulus_heteroclitus	100.000	103	0	0	1	103	190	292	1.63e-47	191
191e8b9ea814c640645133acc10acdb4	gb|FJ445402|Fundulus_heteroclitus	100.000	103	0	0	1	103	506	608	1.63e-47	191
191e8b9ea814c640645133acc10acdb4	gb|FJ445401|Fundulus_heteroclitus	100.000	103	0	0	1	103	506	608	1.63e-47	191
191e8b9ea814c640645133acc10acdb4	gb|FJ445400|Fundulus_heteroclitus	100.000	103	0	0	1	103	506	608	1.63e-47	191
191e8b9ea814c640645133acc10acdb4	gb|FJ445399|Fundulus_heteroclitus	100.000	103	0	0	1	103	506	608	1.63e-47	191
191e8b9ea814c640645133acc10acdb4	gb|FJ445398|Fundulus_heteroclitus	100.000	103	0	0	1	103	506	608	1.63e-47	191
e97e1bd8a763bdb932a0a83e32485400	gb|FJ215063|Microgadus_tomcod	100.000	106	0	0	1	106	155	260	3.55e-49	196
e97e1bd8a763bdb932a0a83e32485400	gb|KP644368|Microgadus_tomcod	100.000	106	0	0	1	106	196	301	3.55e-49	196
e97e1bd8a763bdb932a0a83e32485400	gb|OK172579|Microgadus_tomcod	100.000	106	0	0	1	106	441	546	3.55e-49	196
f330e9fc8ac0b4fa01bf42c732e0c211	gb|OP056988|Cynoscion_regalis	100.000	106	0	0	1	106	503	608	3.55e-49	196
f330e9fc8ac0b4fa01bf42c732e0c211	gb|OP057008|Cynoscion_arenarius	100.000	106	0	0	1	106	504	609	3.55e-49	196
f330e9fc8ac0b4fa01bf42c732e0c211	gb|OP154145|Cynoscion_arenarius	100.000	106	0	0	1	106	431	536	3.55e-49	196
f330e9fc8ac0b4fa01bf42c732e0c211	gb|KX364159|Cynoscion_regalis	100.000	106	0	0	1	106	5085	5190	3.55e-49	196
f330e9fc8ac0b4fa01bf42c732e0c211	gb|MH377810|Cynoscion_regalis	100.000	106	0	0	1	106	191	296	3.55e-49	196
f330e9fc8ac0b4fa01bf42c732e0c211	gb|AF128401|Cynoscion_arenarius	100.000	104	0	0	3	106	19	122	4.59e-48	193
5ef1a363e8030e998898cc9281f16238	gb|PP620836|Petromyzon_marinus	100.000	111	0	0	1	111	204	314	6.26e-52	206
5ef1a363e8030e998898cc9281f16238	gb|MW856857|Petromyzon_marinus	100.000	111	0	0	1	111	505	615	6.26e-52	206
5ef1a363e8030e998898cc9281f16238	gb|KC353468|Lethenteron_camtschaticum	100.000	111	0	0	1	111	503	613	6.26e-52	206
5ef1a363e8030e998898cc9281f16238	gb|KC353466|Lethenteron_reissneri	100.000	111	0	0	1	111	503	613	6.26e-52	206
5ef1a363e8030e998898cc9281f16238	gb|LC710290|Lethenteron_sp._S	100.000	111	0	0	1	111	375	485	6.26e-52	206
5ef1a363e8030e998898cc9281f16238	gb|LC681910|Lethenteron_sp._S	100.000	111	0	0	1	111	425	535	6.26e-52	206
5ef1a363e8030e998898cc9281f16238	gb|LC681909|Lethenteron_sp._S	100.000	111	0	0	1	111	430	540	6.26e-52	206
5ef1a363e8030e998898cc9281f16238	gb|LC681908|Lethenteron_sp._S	100.000	111	0	0	1	111	422	532	6.26e-52	206
5ef1a363e8030e998898cc9281f16238	gb|LC681907|Lethenteron_sp._S	100.000	111	0	0	1	111	421	531	6.26e-52	206
5ef1a363e8030e998898cc9281f16238	gb|LC681865|Lethenteron_sp._S	100.000	111	0	0	1	111	431	541	6.26e-52	206
7f16ab98ac42af9e5f08ecdbb0050a7a	gb|EU715444|Mugil_curema	100.000	107	0	0	1	107	15	121	9.99e-50	198
7f16ab98ac42af9e5f08ecdbb0050a7a	gb|EU715443|Mugil_curema	100.000	107	0	0	1	107	15	121	9.99e-50	198
7f16ab98ac42af9e5f08ecdbb0050a7a	gb|EU715442|Mugil_curema	100.000	107	0	0	1	107	15	121	9.99e-50	198
7f16ab98ac42af9e5f08ecdbb0050a7a	gb|KX686082|Mugil_curema	100.000	107	0	0	1	107	192	298	9.99e-50	198
7f16ab98ac42af9e5f08ecdbb0050a7a	gb|JQ996483|Mugil_curema	100.000	107	0	0	1	107	11	117	9.99e-50	198
7f16ab98ac42af9e5f08ecdbb0050a7a	gb|JQ996482|Mugil_curema	100.000	107	0	0	1	107	11	117	9.99e-50	198
7f16ab98ac42af9e5f08ecdbb0050a7a	gb|JQ996481|Mugil_curema	100.000	107	0	0	1	107	11	117	9.99e-50	198
7f16ab98ac42af9e5f08ecdbb0050a7a	gb|JQ996480|Mugil_curema	100.000	107	0	0	1	107	11	117	9.99e-50	198
7f16ab98ac42af9e5f08ecdbb0050a7a	gb|JQ996478|Mugil_curema	100.000	107	0	0	1	107	11	117	9.99e-50	198
7f16ab98ac42af9e5f08ecdbb0050a7a	gb|JQ996477|Mugil_curema	100.000	107	0	0	1	107	11	117	9.99e-50	198
e20ba3459c89adb98e25cfe29d83b420	gb|OZ077486|Cetorhinus_maximus	100.000	105	0	0	1	105	519	623	1.26e-48	195
e20ba3459c89adb98e25cfe29d83b420	gb|OR546235|Cetorhinus_maximus	100.000	105	0	0	1	105	519	623	1.26e-48	195
e20ba3459c89adb98e25cfe29d83b420	gb|KM096989|Cetorhinus_maximus	100.000	105	0	0	1	105	519	623	1.26e-48	195
e20ba3459c89adb98e25cfe29d83b420	gb|KM096988|Cetorhinus_maximus	100.000	105	0	0	1	105	518	622	1.26e-48	195
e20ba3459c89adb98e25cfe29d83b420	gb|KM096987|Cetorhinus_maximus	100.000	105	0	0	1	105	519	623	1.26e-48	195
e20ba3459c89adb98e25cfe29d83b420	gb|KM096986|Cetorhinus_maximus	100.000	105	0	0	1	105	519	623	1.26e-48	195
e20ba3459c89adb98e25cfe29d83b420	gb|KM096985|Cetorhinus_maximus	100.000	105	0	0	1	105	519	623	1.26e-48	195
e20ba3459c89adb98e25cfe29d83b420	gb|KM096984|Cetorhinus_maximus	100.000	105	0	0	1	105	519	623	1.26e-48	195
e20ba3459c89adb98e25cfe29d83b420	gb|KM096983|Cetorhinus_maximus	100.000	105	0	0	1	105	519	623	1.26e-48	195
e20ba3459c89adb98e25cfe29d83b420	gb|KM096982|Cetorhinus_maximus	100.000	105	0	0	1	105	519	623	1.26e-48	195
76c80e29dc79af804d62cefec0a5b90d	gb|OP057013|Brevoortia_patronus	100.000	105	0	0	2	106	507	611	1.28e-48	195
76c80e29dc79af804d62cefec0a5b90d	gb|DQ912034|Brevoortia_tyrannus	100.000	105	0	0	2	106	160	264	1.28e-48	195
76c80e29dc79af804d62cefec0a5b90d	gb|KX686086|Brevoortia_tyrannus	100.000	105	0	0	2	106	196	300	1.28e-48	195
76c80e29dc79af804d62cefec0a5b90d	gb|AP009618|Brevoortia_tyrannus	100.000	105	0	0	2	106	507	611	1.28e-48	195
fe123eac252fb356e6ddd6ebd8728862	gb|PP033005|Sarda_sarda	100.000	105	0	0	2	106	509	613	1.28e-48	195
fe123eac252fb356e6ddd6ebd8728862	gb|OP057061|Auxis_thazard	100.000	105	0	0	2	106	508	612	1.28e-48	195
fe123eac252fb356e6ddd6ebd8728862	gb|ON000352|Sarda_sarda	100.000	105	0	0	2	106	438	542	1.28e-48	195
fe123eac252fb356e6ddd6ebd8728862	gb|MW232425|Auxis_rochei	100.000	105	0	0	2	106	507	611	1.28e-48	195
fe123eac252fb356e6ddd6ebd8728862	gb|MW232421|Auxis_rochei	100.000	105	0	0	2	106	507	611	1.28e-48	195
fe123eac252fb356e6ddd6ebd8728862	gb|AB176811|Auxis_rochei	100.000	105	0	0	2	106	4	108	1.28e-48	195
fe123eac252fb356e6ddd6ebd8728862	gb|AB176809|Auxis_thazard	100.000	105	0	0	2	106	4	108	1.28e-48	195
fe123eac252fb356e6ddd6ebd8728862	gb|AB105447|Auxis_thazard	100.000	105	0	0	2	106	1352	1456	1.28e-48	195
fe123eac252fb356e6ddd6ebd8728862	gb|AB105165|Auxis_rochei	100.000	105	0	0	2	106	1348	1452	1.28e-48	195
fe123eac252fb356e6ddd6ebd8728862	gb|AB103468|Auxis_rochei	100.000	105	0	0	2	106	1348	1452	1.28e-48	195
71bc8b5ec87020839bfe73a0d22ad05d	gb|PP033005|Sarda_sarda	100.000	103	0	0	1	103	508	610	1.65e-47	191
71bc8b5ec87020839bfe73a0d22ad05d	gb|OP057061|Auxis_thazard	100.000	103	0	0	1	103	507	609	1.65e-47	191
71bc8b5ec87020839bfe73a0d22ad05d	gb|ON000352|Sarda_sarda	100.000	103	0	0	1	103	437	539	1.65e-47	191
71bc8b5ec87020839bfe73a0d22ad05d	gb|MW232425|Auxis_rochei	100.000	103	0	0	1	103	506	608	1.65e-47	191
71bc8b5ec87020839bfe73a0d22ad05d	gb|MW232421|Auxis_rochei	100.000	103	0	0	1	103	506	608	1.65e-47	191
71bc8b5ec87020839bfe73a0d22ad05d	gb|AB176811|Auxis_rochei	100.000	103	0	0	1	103	3	105	1.65e-47	191
71bc8b5ec87020839bfe73a0d22ad05d	gb|AB176809|Auxis_thazard	100.000	103	0	0	1	103	3	105	1.65e-47	191
71bc8b5ec87020839bfe73a0d22ad05d	gb|AB105447|Auxis_thazard	100.000	103	0	0	1	103	1351	1453	1.65e-47	191
71bc8b5ec87020839bfe73a0d22ad05d	gb|AB105165|Auxis_rochei	100.000	103	0	0	1	103	1347	1449	1.65e-47	191
71bc8b5ec87020839bfe73a0d22ad05d	gb|AB103468|Auxis_rochei	100.000	103	0	0	1	103	1347	1449	1.65e-47	191
ba06b18e8bb2ff80ea467560ae86b672	gb|MH538895|Menidia_menidia	100.000	106	0	0	1	106	508	613	3.55e-49	196
ac3d4acf02381190b2e965d9581d94de	gb|KT723027|Ammodytes_americanus	100.000	105	0	0	2	106	506	610	1.28e-48	195
ac3d4acf02381190b2e965d9581d94de	gb|KT723026|Ammodytes_dubius	100.000	105	0	0	2	106	506	610	1.28e-48	195
f5c071af1bf2ba4e45020cead9d764e6	gb|ON695878|Sphyrna_lewini	100.000	105	0	0	1	105	523	627	1.26e-48	195
f5c071af1bf2ba4e45020cead9d764e6	gb|ON650007|Sphyrna_lewini	100.000	105	0	0	1	105	523	627	1.26e-48	195
565faaf311255e6253e5941fc7cbde17	gb|AP006807|Histiopterus_typus	100.000	105	0	0	2	106	511	615	1.28e-48	195
3f8f5cde2301cdd7bb18b3548fcdb21f	gb|OR482566|Beringraja_binoculata	100.000	112	0	0	1	112	523	634	1.76e-52	207
3f8f5cde2301cdd7bb18b3548fcdb21f	gb|KF317711|Beringraja_pulchra	100.000	112	0	0	1	112	6	117	1.76e-52	207
3f8f5cde2301cdd7bb18b3548fcdb21f	gb|KF317710|Raja_binoculata	100.000	112	0	0	1	112	6	117	1.76e-52	207
3f8f5cde2301cdd7bb18b3548fcdb21f	gb|KR676448|Beringraja_pulchra	100.000	112	0	0	1	112	522	633	1.76e-52	207
3f8f5cde2301cdd7bb18b3548fcdb21f	gb|KR676447|Beringraja_pulchra	100.000	112	0	0	1	112	522	633	1.76e-52	207
3f8f5cde2301cdd7bb18b3548fcdb21f	gb|KR676446|Beringraja_pulchra	100.000	112	0	0	1	112	522	633	1.76e-52	207
3f8f5cde2301cdd7bb18b3548fcdb21f	gb|KR676445|Beringraja_pulchra	100.000	112	0	0	1	112	522	633	1.76e-52	207
3f8f5cde2301cdd7bb18b3548fcdb21f	gb|KR676444|Beringraja_pulchra	100.000	112	0	0	1	112	522	633	1.76e-52	207
3f8f5cde2301cdd7bb18b3548fcdb21f	gb|MH899131|Beringraja_pulchra	100.000	112	0	0	1	112	522	633	1.76e-52	207
3f8f5cde2301cdd7bb18b3548fcdb21f	gb|MH899130|Beringraja_pulchra	100.000	112	0	0	1	112	522	633	1.76e-52	207
bf07750ba37ea377346003714384e1d9	gb|MW630160|Tautoga_onitis	100.000	105	0	0	2	106	437	541	1.28e-48	195
bf07750ba37ea377346003714384e1d9	gb|EU601223|Tautoga_onitis	100.000	105	0	0	2	106	458	562	1.28e-48	195
bf07750ba37ea377346003714384e1d9	gb|KX686097|Tautoga_onitis	100.000	105	0	0	2	106	192	296	1.28e-48	195
bf07750ba37ea377346003714384e1d9	gb|KX686095|Tautoga_onitis	100.000	105	0	0	2	106	192	296	1.28e-48	195
bf07750ba37ea377346003714384e1d9	gb|AY279648|Tautoga_onitis	100.000	105	0	0	2	106	439	543	1.28e-48	195
1e93cac2f8e9ed41adc213179e5318cb	gb|OP056997|Hippoglossina_oblonga	100.000	105	0	0	2	106	508	612	1.28e-48	195
1e93cac2f8e9ed41adc213179e5318cb	gb|MH377823|Hippoglossina_oblonga	100.000	105	0	0	2	106	194	298	1.28e-48	195
16d6539c8cbb0437152524b4509bc0b6	gb|FJ215094|Urophycis_floridana	100.000	107	0	0	1	107	156	262	9.99e-50	198
35a2eee2f9fe9406c6b553396be06454	gb|OR546193|Citharichthys_arctifrons	100.000	105	0	0	3	107	506	610	1.29e-48	195
35a2eee2f9fe9406c6b553396be06454	gb|MN883204|Citharichthys_arctifrons	100.000	105	0	0	3	107	194	298	1.29e-48	195
35a2eee2f9fe9406c6b553396be06454	gb|MN883203|Citharichthys_arctifrons	100.000	105	0	0	3	107	194	298	1.29e-48	195
e5d62629742b301c8b25ac58f4392651	gb|AY484974|Pristipomoides_typus	100.000	106	0	0	2	107	32	137	3.59e-49	196
e5d62629742b301c8b25ac58f4392651	gb|AY484973|Caesio_cuning	100.000	106	0	0	2	107	32	137	3.59e-49	196
429109f31f0475a65ac5df0dfa51798c	gb|OR499725|Merluccius_bilinearis	100.000	105	0	0	2	106	1462	1566	1.28e-48	195
429109f31f0475a65ac5df0dfa51798c	gb|MH377833|Merluccius_bilinearis	100.000	105	0	0	2	106	194	298	1.28e-48	195
8c7d15440c187de3ccd68fb38f246430	gb|PP928773|Salvelinus_umbla	100.000	106	0	0	1	106	11689	11794	3.55e-49	196
8c7d15440c187de3ccd68fb38f246430	gb|PP620842|Salvelinus_fontinalis	100.000	106	0	0	1	106	203	308	3.55e-49	196
8c7d15440c187de3ccd68fb38f246430	gb|LC799146|Salvelinus_curilus	100.000	106	0	0	1	106	306	411	3.55e-49	196
8c7d15440c187de3ccd68fb38f246430	gb|CM071963|Salvelinus_alpinus_oquassa	100.000	106	0	0	1	106	505	610	3.55e-49	196
8c7d15440c187de3ccd68fb38f246430	gb|OP931713|Salvelinus_fontinalis	100.000	106	0	0	1	106	192	297	3.55e-49	196
8c7d15440c187de3ccd68fb38f246430	gb|OP931714|Salvelinus_fontinalis	100.000	106	0	0	1	106	192	297	3.55e-49	196
8c7d15440c187de3ccd68fb38f246430	gb|OP931718|Salvelinus_namaycush	100.000	106	0	0	1	106	192	297	3.55e-49	196
8c7d15440c187de3ccd68fb38f246430	gb|OP931720|Salvelinus_namaycush	100.000	106	0	0	1	106	192	297	3.55e-49	196
8c7d15440c187de3ccd68fb38f246430	gb|OP931722|Salvelinus_profundus	100.000	106	0	0	1	106	192	297	3.55e-49	196
8c7d15440c187de3ccd68fb38f246430	gb|OP931723|Salvelinus_profundus	100.000	106	0	0	1	106	192	297	3.55e-49	196
151fc8933fcedb1f2265e3d0b9d75010	gb|AF488496|Trinectes_maculatus	100.000	105	0	0	2	106	448	552	1.28e-48	195
151fc8933fcedb1f2265e3d0b9d75010	gb|JQ639070|Trinectes_maculatus	100.000	105	0	0	2	106	512	616	1.28e-48	195
bcef549caf809ac4d2d2dcaba4096b93	gb|EU552699|Brevoortia_patronus	100.000	100	0	0	6	105	2	101	7.58e-46	185
bcef549caf809ac4d2d2dcaba4096b93	gb|EU552695|Brevoortia_tyrannus	100.000	100	0	0	6	105	2	101	7.58e-46	185
4c14a46603e606b723c16c23351ab9dd	gb|OR482476|Zenopsis_conchifer	100.000	107	0	0	1	107	517	623	9.99e-50	198
4c14a46603e606b723c16c23351ab9dd	gb|LC731794|Zenopsis_nebulosus	100.000	107	0	0	1	107	354	460	9.99e-50	198
4c14a46603e606b723c16c23351ab9dd	gb|AF149994|Zenopsis_nebulosus	100.000	107	0	0	1	107	155	261	9.99e-50	198
4c14a46603e606b723c16c23351ab9dd	gb|AP002942|Zenopsis_nebulosus	100.000	107	0	0	1	107	510	616	9.99e-50	198
4c14a46603e606b723c16c23351ab9dd	gb|MN883190|Zenopsis_conchifer	100.000	107	0	0	1	107	125	231	9.99e-50	198
4c14a46603e606b723c16c23351ab9dd	gb|LC579407|Zenopsis_nebulosus	100.000	107	0	0	1	107	325	431	9.99e-50	198
4c14a46603e606b723c16c23351ab9dd	gb|LC499169|Zenopsis_stabilispinosa	100.000	107	0	0	1	107	257	363	9.99e-50	198
7c09c4738bb5520ae2da1102a2b10718	gb|KM057973|Myoxocephalus_octodecemspinosus	100.000	105	0	0	2	106	365	469	1.28e-48	195
7c09c4738bb5520ae2da1102a2b10718	gb|LC672450|Bero_elegans	100.000	104	0	0	1	104	376	479	4.59e-48	193
7c09c4738bb5520ae2da1102a2b10718	gb|OR603891|Zesticelus_profundorum	100.000	103	0	0	2	104	441	543	1.65e-47	191
7c09c4738bb5520ae2da1102a2b10718	gb|OR482535|Blepsias_cirrhosus	100.000	103	0	0	2	104	507	609	1.65e-47	191
7c09c4738bb5520ae2da1102a2b10718	gb|OR482542|Gymnocanthus_pistilliger	100.000	103	0	0	2	104	508	610	1.65e-47	191
7c09c4738bb5520ae2da1102a2b10718	gb|OR482543|Gymnocanthus_detrisus	100.000	103	0	0	2	104	507	609	1.65e-47	191
7c09c4738bb5520ae2da1102a2b10718	gb|OR482553|Artediellus_pacificus	100.000	103	0	0	2	104	508	610	1.65e-47	191
7c09c4738bb5520ae2da1102a2b10718	gb|OL806590|Enophrys_bison	100.000	103	0	0	2	104	506	608	1.65e-47	191
7c09c4738bb5520ae2da1102a2b10718	gb|LC717523|Myoxocephalus_stelleri	100.000	103	0	0	2	104	378	480	1.65e-47	191
7c09c4738bb5520ae2da1102a2b10718	gb|MW420925|Dasycottus_setiger	100.000	103	0	0	2	104	509	611	1.65e-47	191
7d88cba02c9ed51ef37f2578a41ab782	gb|EU552699|Brevoortia_patronus	100.000	101	0	0	6	106	1	101	2.14e-46	187
7d88cba02c9ed51ef37f2578a41ab782	gb|EU552695|Brevoortia_tyrannus	100.000	101	0	0	6	106	1	101	2.14e-46	187
9d282340656706c6622517bc67a2e903	gb|MW630178|Fundulus_heteroclitus	100.000	103	0	0	3	105	442	544	1.63e-47	191
9d282340656706c6622517bc67a2e903	gb|KX686099|Fundulus_majalis	100.000	103	0	0	3	105	192	294	1.63e-47	191
d5fb761e72ae1416119e427d9b29fd49	gb|MW630178|Fundulus_heteroclitus	100.000	104	0	0	2	105	441	544	4.53e-48	193
d5fb761e72ae1416119e427d9b29fd49	gb|KX686099|Fundulus_majalis	100.000	104	0	0	2	105	191	294	4.53e-48	193
d55bd1e792b56a9b37cab720e6748928	gb|OP056991|Scophthalmus_aquosus	100.000	101	0	0	2	102	507	607	2.08e-46	187
d55bd1e792b56a9b37cab720e6748928	gb|MH377767|Scophthalmus_aquosus	100.000	101	0	0	2	102	193	293	2.08e-46	187
d55bd1e792b56a9b37cab720e6748928	gb|MT103925|Scophthalmus_aquosus	100.000	101	0	0	2	102	282	382	2.08e-46	187
92693323f831e69117617606814ae81f	gb|OR582674|Coryphaena_hippurus	100.000	105	0	0	1	105	506	610	1.26e-48	195
92693323f831e69117617606814ae81f	gb|LC770037|Coryphaena_hippurus	100.000	105	0	0	1	105	377	481	1.26e-48	195
92693323f831e69117617606814ae81f	gb|LC770038|Coryphaena_hippurus	100.000	105	0	0	1	105	377	481	1.26e-48	195
92693323f831e69117617606814ae81f	gb|LC720452|Coryphaena_hippurus	100.000	105	0	0	1	105	379	483	1.26e-48	195
92693323f831e69117617606814ae81f	gb|AB355908|Coryphaena_hippurus	100.000	105	0	0	1	105	507	611	1.26e-48	195
92693323f831e69117617606814ae81f	gb|FJ374794|Coryphaena_hippurus	100.000	105	0	0	1	105	438	542	1.26e-48	195
92693323f831e69117617606814ae81f	gb|KF719178|Coryphaena_hippurus	100.000	105	0	0	1	105	632	736	1.26e-48	195
92693323f831e69117617606814ae81f	gb|GU946503|Coryphaena_hippurus	100.000	105	0	0	1	105	2	106	1.26e-48	195
92693323f831e69117617606814ae81f	gb|GU946502|Coryphaena_hippurus	100.000	105	0	0	1	105	2	106	1.26e-48	195
92693323f831e69117617606814ae81f	gb|GU946501|Coryphaena_hippurus	100.000	105	0	0	1	105	2	106	1.26e-48	195
6b293bdc6becc8b772f07448c4e9abc8	gb|PP441951|Carcharodon_carcharias	100.000	105	0	0	1	105	523	627	1.26e-48	195
6b293bdc6becc8b772f07448c4e9abc8	gb|PP441952|Carcharodon_carcharias	100.000	105	0	0	1	105	523	627	1.26e-48	195
6b293bdc6becc8b772f07448c4e9abc8	gb|PP441953|Carcharodon_carcharias	100.000	105	0	0	1	105	523	627	1.26e-48	195
6b293bdc6becc8b772f07448c4e9abc8	gb|PP441954|Carcharodon_carcharias	100.000	105	0	0	1	105	523	627	1.26e-48	195
6b293bdc6becc8b772f07448c4e9abc8	gb|PP441955|Carcharodon_carcharias	100.000	105	0	0	1	105	523	627	1.26e-48	195
6b293bdc6becc8b772f07448c4e9abc8	gb|PP441956|Carcharodon_carcharias	100.000	105	0	0	1	105	523	627	1.26e-48	195
6b293bdc6becc8b772f07448c4e9abc8	gb|PP441957|Carcharodon_carcharias	100.000	105	0	0	1	105	523	627	1.26e-48	195
6b293bdc6becc8b772f07448c4e9abc8	gb|PP441958|Carcharodon_carcharias	100.000	105	0	0	1	105	523	627	1.26e-48	195
6b293bdc6becc8b772f07448c4e9abc8	gb|OP057032|Carcharodon_carcharias	100.000	105	0	0	1	105	523	627	1.26e-48	195
6b293bdc6becc8b772f07448c4e9abc8	gb|KC914387|Carcharodon_carcharias	100.000	105	0	0	1	105	523	627	1.26e-48	195
7ab0c7132e37d22edf53b5ba769c6b6b	gb|LC672450|Bero_elegans	100.000	106	0	0	1	106	376	481	3.55e-49	196
7ab0c7132e37d22edf53b5ba769c6b6b	gb|OR603891|Zesticelus_profundorum	100.000	105	0	0	2	106	441	545	1.28e-48	195
7ab0c7132e37d22edf53b5ba769c6b6b	gb|OR482535|Blepsias_cirrhosus	100.000	105	0	0	2	106	507	611	1.28e-48	195
7ab0c7132e37d22edf53b5ba769c6b6b	gb|OR482542|Gymnocanthus_pistilliger	100.000	105	0	0	2	106	508	612	1.28e-48	195
7ab0c7132e37d22edf53b5ba769c6b6b	gb|OR482543|Gymnocanthus_detrisus	100.000	105	0	0	2	106	507	611	1.28e-48	195
7ab0c7132e37d22edf53b5ba769c6b6b	gb|OR482553|Artediellus_pacificus	100.000	105	0	0	2	106	508	612	1.28e-48	195
7ab0c7132e37d22edf53b5ba769c6b6b	gb|OL806590|Enophrys_bison	100.000	105	0	0	2	106	506	610	1.28e-48	195
7ab0c7132e37d22edf53b5ba769c6b6b	gb|LC717523|Myoxocephalus_stelleri	100.000	105	0	0	2	106	378	482	1.28e-48	195
7ab0c7132e37d22edf53b5ba769c6b6b	gb|MW420925|Dasycottus_setiger	100.000	105	0	0	2	106	509	613	1.28e-48	195
7ab0c7132e37d22edf53b5ba769c6b6b	gb|MT789711|Myoxocephalus_quadricornis	100.000	105	0	0	2	106	506	610	1.28e-48	195
e06b63eb92ff928c312f60494a0ed24b	gb|OR482445|Scomber_japonicus	100.000	107	0	0	1	107	512	618	9.99e-50	198
e06b63eb92ff928c312f60494a0ed24b	gb|CM050089|Scomber_japonicus	100.000	107	0	0	1	107	511	617	9.99e-50	198
e06b63eb92ff928c312f60494a0ed24b	gb|LC669541|Scomber_japonicus	100.000	107	0	0	1	107	382	488	9.99e-50	198
e06b63eb92ff928c312f60494a0ed24b	gb|AB488407|Scomber_australasicus	100.000	107	0	0	1	107	512	618	9.99e-50	198
e06b63eb92ff928c312f60494a0ed24b	gb|AB488406|Scomber_colias	100.000	107	0	0	1	107	512	618	9.99e-50	198
e06b63eb92ff928c312f60494a0ed24b	gb|AB488405|Scomber_japonicus	100.000	107	0	0	1	107	512	618	9.99e-50	198
e06b63eb92ff928c312f60494a0ed24b	gb|AB241443|Scomber_japonicus	100.000	107	0	0	1	107	3	109	9.99e-50	198
e06b63eb92ff928c312f60494a0ed24b	gb|AB241442|Scomber_japonicus	100.000	107	0	0	1	107	3	109	9.99e-50	198
e06b63eb92ff928c312f60494a0ed24b	gb|AB241441|Scomber_australasicus	100.000	107	0	0	1	107	3	109	9.99e-50	198
e06b63eb92ff928c312f60494a0ed24b	gb|AB241440|Scomber_australasicus	100.000	107	0	0	1	107	3	109	9.99e-50	198
39cf888601a83f5240f1c5a959acf8c7	gb|KT723027|Ammodytes_americanus	100.000	103	0	0	1	103	505	607	1.65e-47	191
39cf888601a83f5240f1c5a959acf8c7	gb|KT723026|Ammodytes_dubius	100.000	103	0	0	1	103	505	607	1.65e-47	191
01fddebb1fe784a669f47c356f1e788b	gb|MW995363|Microstomus_kitt	100.000	106	0	0	1	106	187	292	3.55e-49	196
01fddebb1fe784a669f47c356f1e788b	gb|MN122933|Microstomus_kitt	100.000	106	0	0	1	106	506	611	3.55e-49	196
01fddebb1fe784a669f47c356f1e788b	gb|MN539976|Microstomus_kitt	100.000	105	0	0	1	105	1	105	1.28e-48	195
01fddebb1fe784a669f47c356f1e788b	gb|MN539965|Microstomus_kitt	100.000	105	0	0	1	105	2	106	1.28e-48	195
4d780165eff0994baade3111bba9f754	gb|MF150045|Lamna_nasus	100.000	105	0	0	1	105	524	628	1.26e-48	195
4d780165eff0994baade3111bba9f754	gb|KX610464|Lamna_nasus	100.000	105	0	0	1	105	523	627	1.26e-48	195
4d780165eff0994baade3111bba9f754	gb|AY147896|Lamna_nasus	100.000	105	0	0	1	105	494	598	1.26e-48	195
4d780165eff0994baade3111bba9f754	gb|MT410902|Lamna_nasus	100.000	105	0	0	1	105	523	627	1.26e-48	195
f4a36133436b726d606a22bf90e19435	gb|KX686069|Menidia_beryllina	100.000	105	0	0	2	106	191	295	1.28e-48	195
9a267347573497e0a120a8e0f541dbee	gb|OQ656298|Kareius_bicoloratus_x_Platichthys_stellatus	100.000	106	0	0	1	106	506	611	3.55e-49	196
9a267347573497e0a120a8e0f541dbee	gb|MW995358|Limanda_limanda	100.000	106	0	0	1	106	187	292	3.55e-49	196
9a267347573497e0a120a8e0f541dbee	gb|AP002951|Kareius_bicoloratus	100.000	106	0	0	1	106	506	611	3.55e-49	196
9a267347573497e0a120a8e0f541dbee	gb|MN539975|Limanda_limanda	100.000	105	0	0	1	105	1	105	1.28e-48	195
4cf525c05249ccde63f0b41a9f260c95	gb|AF488496|Trinectes_maculatus	100.000	104	0	0	1	104	447	550	4.59e-48	193
4cf525c05249ccde63f0b41a9f260c95	gb|JQ639070|Trinectes_maculatus	100.000	104	0	0	1	104	511	614	4.59e-48	193
e4d9beb1fbb1350d26c195c6acf60df2	gb|LC790111|Prionace_glauca	100.000	105	0	0	1	105	389	493	1.26e-48	195
e4d9beb1fbb1350d26c195c6acf60df2	gb|OP057036|Prionace_glauca	100.000	105	0	0	1	105	520	624	1.26e-48	195
e4d9beb1fbb1350d26c195c6acf60df2	gb|KF356249|Prionace_glauca	100.000	105	0	0	1	105	520	624	1.26e-48	195
e4d9beb1fbb1350d26c195c6acf60df2	gb|AF448008|Prionace_glauca	100.000	105	0	0	1	105	448	552	1.26e-48	195
e4d9beb1fbb1350d26c195c6acf60df2	gb|MT274573|Prionace_glauca	100.000	105	0	0	1	105	520	624	1.26e-48	195
98c46541b18384d910296f8876423168	gb|OP154163|Brevoortia_patronus	100.000	105	0	0	2	106	439	543	1.28e-48	195
98c46541b18384d910296f8876423168	gb|KX686084|Brevoortia_tyrannus	100.000	105	0	0	2	106	196	300	1.28e-48	195
