e9d13e82268f08829d5b6cdf069a0b94	gb|AB370893|Menidia_menidia	100.000	106	0	0	1	106	508	613	3.64e-49	196
e9d13e82268f08829d5b6cdf069a0b94	gb|MH538898|Menidia_menidia	100.000	106	0	0	1	106	508	613	3.64e-49	196
e9d13e82268f08829d5b6cdf069a0b94	gb|MH538897|Menidia_menidia	100.000	106	0	0	1	106	508	613	3.64e-49	196
e9d13e82268f08829d5b6cdf069a0b94	gb|MH538896|Menidia_menidia	100.000	106	0	0	1	106	508	613	3.64e-49	196
e9d13e82268f08829d5b6cdf069a0b94	gb|MH538894|Menidia_menidia	100.000	106	0	0	1	106	508	613	3.64e-49	196
e9d13e82268f08829d5b6cdf069a0b94	gb|MH538893|Menidia_menidia	100.000	106	0	0	1	106	508	613	3.64e-49	196
e9d13e82268f08829d5b6cdf069a0b94	gb|MH538892|Menidia_menidia	100.000	106	0	0	1	106	508	613	3.64e-49	196
e9d13e82268f08829d5b6cdf069a0b94	gb|MH538891|Menidia_menidia	100.000	106	0	0	1	106	508	613	3.64e-49	196
e9d13e82268f08829d5b6cdf069a0b94	gb|MH538890|Menidia_menidia	100.000	106	0	0	1	106	508	613	3.64e-49	196
e9d13e82268f08829d5b6cdf069a0b94	gb|MH538889|Menidia_menidia	100.000	106	0	0	1	106	508	613	3.64e-49	196
80b85e59cacd34b78608c1ae7eef2c61	gb|KT869378|Fundulus_heteroclitus	100.000	105	0	0	1	105	506	610	1.29e-48	195
80b85e59cacd34b78608c1ae7eef2c61	gb|KX686098|Fundulus_heteroclitus	100.000	105	0	0	1	105	190	294	1.29e-48	195
80b85e59cacd34b78608c1ae7eef2c61	gb|KX686092|Fundulus_heteroclitus	100.000	105	0	0	1	105	190	294	1.29e-48	195
80b85e59cacd34b78608c1ae7eef2c61	gb|KX686091|Fundulus_heteroclitus	100.000	105	0	0	1	105	190	294	1.29e-48	195
80b85e59cacd34b78608c1ae7eef2c61	gb|KX686077|Fundulus_heteroclitus	100.000	105	0	0	1	105	190	294	1.29e-48	195
80b85e59cacd34b78608c1ae7eef2c61	gb|FJ445402|Fundulus_heteroclitus	100.000	105	0	0	1	105	506	610	1.29e-48	195
80b85e59cacd34b78608c1ae7eef2c61	gb|FJ445401|Fundulus_heteroclitus	100.000	105	0	0	1	105	506	610	1.29e-48	195
80b85e59cacd34b78608c1ae7eef2c61	gb|FJ445400|Fundulus_heteroclitus	100.000	105	0	0	1	105	506	610	1.29e-48	195
80b85e59cacd34b78608c1ae7eef2c61	gb|FJ445399|Fundulus_heteroclitus	100.000	105	0	0	1	105	506	610	1.29e-48	195
80b85e59cacd34b78608c1ae7eef2c61	gb|FJ445398|Fundulus_heteroclitus	100.000	105	0	0	1	105	506	610	1.29e-48	195
0c345c9a2aa92abab556aa04441cf718	gb|OP057013|Brevoortia_patronus	100.000	106	0	0	1	106	506	611	3.64e-49	196
0c345c9a2aa92abab556aa04441cf718	gb|DQ912034|Brevoortia_tyrannus	100.000	106	0	0	1	106	159	264	3.64e-49	196
0c345c9a2aa92abab556aa04441cf718	gb|KX686086|Brevoortia_tyrannus	100.000	106	0	0	1	106	195	300	3.64e-49	196
0c345c9a2aa92abab556aa04441cf718	gb|AP009618|Brevoortia_tyrannus	100.000	106	0	0	1	106	506	611	3.64e-49	196
8961e2d14d8b0510763256de80a000a2	gb|PP928730|Alosa_fallax	100.000	106	0	0	1	106	11726	11831	3.64e-49	196
8961e2d14d8b0510763256de80a000a2	gb|CM080641|Alosa_pseudoharengus	100.000	106	0	0	1	106	506	611	3.64e-49	196
8961e2d14d8b0510763256de80a000a2	gb|PP620795|Alosa_sapidissima	100.000	106	0	0	1	106	202	307	3.64e-49	196
8961e2d14d8b0510763256de80a000a2	gb|OP931010|Alosa_agone	100.000	106	0	0	1	106	195	300	3.64e-49	196
8961e2d14d8b0510763256de80a000a2	gb|OP931011|Alosa_agone	100.000	106	0	0	1	106	195	300	3.64e-49	196
8961e2d14d8b0510763256de80a000a2	gb|OP931012|Alosa_agone	100.000	106	0	0	1	106	195	300	3.64e-49	196
8961e2d14d8b0510763256de80a000a2	gb|OP931013|Alosa_agone	100.000	106	0	0	1	106	195	300	3.64e-49	196
8961e2d14d8b0510763256de80a000a2	gb|OP931014|Alosa_agone	100.000	106	0	0	1	106	195	300	3.64e-49	196
8961e2d14d8b0510763256de80a000a2	gb|OP931015|Alosa_agone	100.000	106	0	0	1	106	195	300	3.64e-49	196
8961e2d14d8b0510763256de80a000a2	gb|OP931016|Alosa_agone	100.000	106	0	0	1	106	195	300	3.64e-49	196
6a9c2d5770b6e78ca3450f62d67b08fc	gb|KT723027|Ammodytes_americanus	100.000	106	0	0	1	106	505	610	3.64e-49	196
6a9c2d5770b6e78ca3450f62d67b08fc	gb|KT723026|Ammodytes_dubius	100.000	106	0	0	1	106	505	610	3.64e-49	196
1186c621e048e637a49024762b3750e7	gb|PP467754|Pleuronectes_platessa	100.000	106	0	0	1	106	452	347	3.64e-49	196
1186c621e048e637a49024762b3750e7	gb|PP928767|Platichthys_flesus	100.000	106	0	0	1	106	11082	11187	3.64e-49	196
1186c621e048e637a49024762b3750e7	gb|OY755015|Limanda_limanda	100.000	106	0	0	1	106	506	611	3.64e-49	196
1186c621e048e637a49024762b3750e7	gb|OR499731|Pleuronectes_quadrituberculatus	100.000	106	0	0	1	106	506	611	3.64e-49	196
1186c621e048e637a49024762b3750e7	gb|OR499737|Isopsetta_isolepis	100.000	106	0	0	1	106	506	611	3.64e-49	196
1186c621e048e637a49024762b3750e7	gb|OR482463|Pseudopleuronectes_americanus	100.000	106	0	0	1	106	506	611	3.64e-49	196
1186c621e048e637a49024762b3750e7	gb|OR482508|Lepidopsetta_bilineata	100.000	106	0	0	1	106	506	611	3.64e-49	196
1186c621e048e637a49024762b3750e7	gb|OR482522|Limanda_sakhalinensis	100.000	106	0	0	1	106	506	611	3.64e-49	196
1186c621e048e637a49024762b3750e7	gb|OR482524|Myzopsetta_proboscidea	100.000	106	0	0	1	106	506	611	3.64e-49	196
1186c621e048e637a49024762b3750e7	gb|OR482538|Liopsetta_glacialis	100.000	106	0	0	1	106	506	611	3.64e-49	196
ef311a4fd2c77c6824ceb22df6df37fc	gb|MW630178|Fundulus_heteroclitus	100.000	105	0	0	1	105	440	544	1.29e-48	195
ef311a4fd2c77c6824ceb22df6df37fc	gb|KX686099|Fundulus_majalis	100.000	105	0	0	1	105	190	294	1.29e-48	195
ea364c182199815b78fc2630a9b4d6be	gb|AY484974|Pristipomoides_typus	100.000	107	0	0	1	107	31	137	1.02e-49	198
ea364c182199815b78fc2630a9b4d6be	gb|AY484973|Caesio_cuning	100.000	107	0	0	1	107	31	137	1.02e-49	198
d38ddf42991220b32db6fa282e77c0f5	gb|AB445126|Apeltes_quadracus	100.000	106	0	0	1	106	504	609	3.64e-49	196
de8339905c2655847248b3084379b474	gb|OP154163|Brevoortia_patronus	100.000	106	0	0	1	106	438	543	3.64e-49	196
de8339905c2655847248b3084379b474	gb|KX686084|Brevoortia_tyrannus	100.000	106	0	0	1	106	195	300	3.64e-49	196
bcbd43d985c17b122ecef7c3c46ae4d1	gb|PP032998|Pomatomus_saltatrix	100.000	108	0	0	1	108	514	621	2.88e-50	200
bcbd43d985c17b122ecef7c3c46ae4d1	gb|AF055591|Pomatomus_saltatrix	100.000	108	0	0	1	108	468	575	2.88e-50	200
bcbd43d985c17b122ecef7c3c46ae4d1	gb|AB355904|Pomatomus_saltatrix	100.000	108	0	0	1	108	514	621	2.88e-50	200
bcbd43d985c17b122ecef7c3c46ae4d1	gb|FJ374791|Pomatomus_saltatrix	100.000	108	0	0	1	108	445	552	2.88e-50	200
8a63d772aa851473fb3224da1539870b	gb|MW630161|Tautogolabrus_adspersus	100.000	106	0	0	1	106	438	543	3.64e-49	196
8a63d772aa851473fb3224da1539870b	gb|AY279649|Tautogolabrus_adspersus	100.000	106	0	0	1	106	440	545	3.64e-49	196
8a63d772aa851473fb3224da1539870b	gb|OK172578|Tautogolabrus_adspersus	100.000	106	0	0	1	106	438	543	3.64e-49	196
d26fe7b35e96761f43efea7dd9e9d99f	gb|PP911624|Anguilla_mossambica	100.000	106	0	0	1	106	339	444	3.64e-49	196
d26fe7b35e96761f43efea7dd9e9d99f	gb|PP911625|Anguilla_mossambica	100.000	106	0	0	1	106	339	444	3.64e-49	196
d26fe7b35e96761f43efea7dd9e9d99f	gb|CM077320|Anguilla_bicolor_pacifica	100.000	106	0	0	1	106	11872	11977	3.64e-49	196
d26fe7b35e96761f43efea7dd9e9d99f	gb|PP620799|Anguilla_rostrata	100.000	106	0	0	1	106	199	304	3.64e-49	196
d26fe7b35e96761f43efea7dd9e9d99f	gb|PP405427|Anguilla_australis	100.000	106	0	0	1	106	506	611	3.64e-49	196
d26fe7b35e96761f43efea7dd9e9d99f	gb|OP931024|Anguilla_anguilla	100.000	106	0	0	1	106	193	298	3.64e-49	196
d26fe7b35e96761f43efea7dd9e9d99f	gb|OP931026|Anguilla_anguilla	100.000	106	0	0	1	106	193	298	3.64e-49	196
d26fe7b35e96761f43efea7dd9e9d99f	gb|OP931027|Anguilla_anguilla	100.000	106	0	0	1	106	193	298	3.64e-49	196
d26fe7b35e96761f43efea7dd9e9d99f	gb|OP931028|Anguilla_anguilla	100.000	106	0	0	1	106	193	298	3.64e-49	196
d26fe7b35e96761f43efea7dd9e9d99f	gb|OP931029|Anguilla_anguilla	100.000	106	0	0	1	106	193	298	3.64e-49	196
28e394867578f85b7855d2f9e4df951b	gb|OR582685|Stenotomus_chrysops	100.000	106	0	0	1	106	511	616	3.64e-49	196
28e394867578f85b7855d2f9e4df951b	gb|KX686071|Stenotomus_chrysops	100.000	106	0	0	1	106	192	297	3.64e-49	196
61432c8c6352f55f3267244221ae77ae	gb|PP620825|Morone_saxatilis	100.000	106	0	0	1	106	202	307	3.64e-49	196
61432c8c6352f55f3267244221ae77ae	gb|OQ793758|Morone_saxatilis	100.000	106	0	0	1	106	444	549	3.64e-49	196
61432c8c6352f55f3267244221ae77ae	gb|OM736848|Morone_saxatilis	100.000	106	0	0	1	106	512	617	3.64e-49	196
61432c8c6352f55f3267244221ae77ae	gb|HM447585|Morone_saxatilis	100.000	106	0	0	1	106	512	617	3.64e-49	196
7ec4dbc3399f639d994fdc65a1b6810e	gb|MW630160|Tautoga_onitis	100.000	106	0	0	1	106	436	541	3.64e-49	196
7ec4dbc3399f639d994fdc65a1b6810e	gb|EU601223|Tautoga_onitis	100.000	106	0	0	1	106	457	562	3.64e-49	196
7ec4dbc3399f639d994fdc65a1b6810e	gb|KX686097|Tautoga_onitis	100.000	106	0	0	1	106	191	296	3.64e-49	196
7ec4dbc3399f639d994fdc65a1b6810e	gb|KX686095|Tautoga_onitis	100.000	106	0	0	1	106	191	296	3.64e-49	196
7ec4dbc3399f639d994fdc65a1b6810e	gb|AY279648|Tautoga_onitis	100.000	106	0	0	1	106	438	543	3.64e-49	196
3caae93eaa8222d3c3c82880d1ea3d6b	gb|KC422441|Ammodytes_hexapterus	100.000	106	0	0	1	106	505	610	3.64e-49	196
4a5d3d90445cc0e095b7d7c5357e71e4	gb|OQ793725|Lucania_goodei	100.000	105	0	0	1	105	440	544	1.29e-48	195
4a5d3d90445cc0e095b7d7c5357e71e4	gb|OQ793726|Lucania_goodei	100.000	105	0	0	1	105	440	544	1.29e-48	195
4a5d3d90445cc0e095b7d7c5357e71e4	gb|OP056801|Lucania_parva	100.000	105	0	0	1	105	508	612	1.29e-48	195
4a5d3d90445cc0e095b7d7c5357e71e4	gb|MN883218|Lucania_parva	100.000	105	0	0	1	105	190	294	1.29e-48	195
4a5d3d90445cc0e095b7d7c5357e71e4	gb|MN883217|Lucania_parva	100.000	105	0	0	1	105	190	294	1.29e-48	195
65aff92c84e7e2ab8b29a4aaaf336fea	gb|AF488496|Trinectes_maculatus	100.000	106	0	0	1	106	447	552	3.64e-49	196
65aff92c84e7e2ab8b29a4aaaf336fea	gb|JQ639070|Trinectes_maculatus	100.000	106	0	0	1	106	511	616	3.64e-49	196
975b1dbdc7405f6e27bf63893e91e0ed	gb|OR603872|Centropristis_striata	100.000	106	0	0	1	106	439	544	3.64e-49	196
975b1dbdc7405f6e27bf63893e91e0ed	gb|OR546218|Centropristis_striata	100.000	106	0	0	1	106	508	613	3.64e-49	196
975b1dbdc7405f6e27bf63893e91e0ed	gb|KX686079|Centropristis_striata	100.000	106	0	0	1	106	191	296	3.64e-49	196
975b1dbdc7405f6e27bf63893e91e0ed	gb|MH645336|Centropristis_striata	100.000	106	0	0	1	106	508	613	3.64e-49	196
200b000d551589296a017c031f064c13	gb|OP056993|Menticirrhus_saxatilis	100.000	106	0	0	1	106	508	613	3.64e-49	196
200b000d551589296a017c031f064c13	gb|KX686073|Menticirrhus_saxatilis	100.000	106	0	0	1	106	190	295	3.64e-49	196
200b000d551589296a017c031f064c13	gb|KX686072|Menticirrhus_saxatilis	100.000	106	0	0	1	106	190	295	3.64e-49	196
ec908fe3105b9eb1c7c94a72436e241e	gb|KX686069|Menidia_beryllina	100.000	106	0	0	1	106	190	295	3.64e-49	196
233903b031f5249d1d5bcc40c350c628	gb|OP057012|Gobiosoma_bosc	100.000	105	0	0	1	105	510	614	1.29e-48	195
233903b031f5249d1d5bcc40c350c628	gb|OP154177|Gobiosoma_bosc	100.000	105	0	0	1	105	225	329	1.29e-48	195
233903b031f5249d1d5bcc40c350c628	gb|OP154178|Gobiosoma_bosc	100.000	105	0	0	1	105	437	541	1.29e-48	195
233903b031f5249d1d5bcc40c350c628	gb|AF491095|Gobiosoma_bosc	100.000	100	0	0	6	105	1	100	7.78e-46	185
233903b031f5249d1d5bcc40c350c628	gb|AF491094|Gobiosoma_bosc	100.000	100	0	0	6	105	1	100	7.78e-46	185
233903b031f5249d1d5bcc40c350c628	gb|AF491093|Gobiosoma_bosc	100.000	100	0	0	6	105	1	100	7.78e-46	185
233903b031f5249d1d5bcc40c350c628	gb|AF491092|Gobiosoma_bosc	100.000	100	0	0	6	105	1	100	7.78e-46	185
233903b031f5249d1d5bcc40c350c628	gb|AF491091|Gobiosoma_bosc	100.000	100	0	0	6	105	1	100	7.78e-46	185
2a52f7d018e355b8ac6752d8dfb7eee6	gb|KX686078|Syngnathus_fuscus	100.000	104	0	0	1	104	189	292	4.59e-48	193
2a52f7d018e355b8ac6752d8dfb7eee6	gb|OK172580|Syngnathus_fuscus	100.000	104	0	0	1	104	432	535	4.59e-48	193
be673ad467ff44bc0abd3bb295454550	gb|OP056991|Scophthalmus_aquosus	100.000	104	0	0	1	104	506	609	4.59e-48	193
be673ad467ff44bc0abd3bb295454550	gb|MH377767|Scophthalmus_aquosus	100.000	104	0	0	1	104	192	295	4.59e-48	193
be673ad467ff44bc0abd3bb295454550	gb|MT103925|Scophthalmus_aquosus	100.000	104	0	0	1	104	281	384	4.59e-48	193
b4f42eade7a87f2cd8f3968640d83f97	gb|MW288827|Paralichthys_adspersus	100.000	106	0	0	1	106	507	612	3.64e-49	196
b4f42eade7a87f2cd8f3968640d83f97	gb|AF488501|Paralichthys_dentatus	100.000	106	0	0	1	106	438	543	3.64e-49	196
b4f42eade7a87f2cd8f3968640d83f97	gb|KU053334|Paralichthys_dentatus	100.000	106	0	0	1	106	506	611	3.64e-49	196
c030ecad0cd0504068af5f150dc7b103	gb|LC823739|Artediellus_sp._HUMZ:166735	100.000	106	0	0	1	106	378	483	3.64e-49	196
c030ecad0cd0504068af5f150dc7b103	gb|OR603891|Zesticelus_profundorum	100.000	106	0	0	1	106	440	545	3.64e-49	196
c030ecad0cd0504068af5f150dc7b103	gb|OR482535|Blepsias_cirrhosus	100.000	106	0	0	1	106	506	611	3.64e-49	196
c030ecad0cd0504068af5f150dc7b103	gb|OR482542|Gymnocanthus_pistilliger	100.000	106	0	0	1	106	507	612	3.64e-49	196
c030ecad0cd0504068af5f150dc7b103	gb|OR482543|Gymnocanthus_detrisus	100.000	106	0	0	1	106	506	611	3.64e-49	196
c030ecad0cd0504068af5f150dc7b103	gb|OR482553|Artediellus_pacificus	100.000	106	0	0	1	106	507	612	3.64e-49	196
c030ecad0cd0504068af5f150dc7b103	gb|OL806590|Enophrys_bison	100.000	106	0	0	1	106	505	610	3.64e-49	196
c030ecad0cd0504068af5f150dc7b103	gb|LC717523|Myoxocephalus_stelleri	100.000	106	0	0	1	106	377	482	3.64e-49	196
c030ecad0cd0504068af5f150dc7b103	gb|MW420925|Dasycottus_setiger	100.000	106	0	0	1	106	508	613	3.64e-49	196
c030ecad0cd0504068af5f150dc7b103	gb|MT789711|Myoxocephalus_quadricornis	100.000	106	0	0	1	106	505	610	3.64e-49	196
57e83a29cfecdba4509d02c3e9d610a3	gb|OR499725|Merluccius_bilinearis	100.000	106	0	0	1	106	1461	1566	3.64e-49	196
57e83a29cfecdba4509d02c3e9d610a3	gb|MH377833|Merluccius_bilinearis	100.000	106	0	0	1	106	193	298	3.64e-49	196
a03c9ac910eb4ecfb8c000676b203e5d	gb|OP057066|Xiphias_gladius	100.000	106	0	0	1	106	507	612	3.64e-49	196
a03c9ac910eb4ecfb8c000676b203e5d	gb|DQ854646|Xiphias_gladius	100.000	106	0	0	1	106	439	544	3.64e-49	196
a03c9ac910eb4ecfb8c000676b203e5d	gb|AB470301|Xiphias_gladius	100.000	106	0	0	1	106	507	612	3.64e-49	196
a03c9ac910eb4ecfb8c000676b203e5d	gb|AP006036|Xiphias_gladius	100.000	106	0	0	1	106	507	612	3.64e-49	196
a03c9ac910eb4ecfb8c000676b203e5d	gb|GU946550|Xiphias_gladius	100.000	106	0	0	1	106	4	109	3.64e-49	196
a03c9ac910eb4ecfb8c000676b203e5d	gb|GU946549|Xiphias_gladius	100.000	106	0	0	1	106	4	109	3.64e-49	196
a03c9ac910eb4ecfb8c000676b203e5d	gb|GU946548|Xiphias_gladius	100.000	106	0	0	1	106	4	109	3.64e-49	196
088fe13fa02373ceebeefea46a158220	gb|OZ004756|Thunnus_thynnus	100.000	106	0	0	1	106	506	611	3.64e-49	196
088fe13fa02373ceebeefea46a158220	gb|LC790112|Thunnus_tonggol	100.000	106	0	0	1	106	377	482	3.64e-49	196
088fe13fa02373ceebeefea46a158220	gb|ON890019|Thunnus_albacares	100.000	106	0	0	1	106	2	107	3.64e-49	196
088fe13fa02373ceebeefea46a158220	gb|ON890021|Thunnus_albacares	100.000	106	0	0	1	106	2	107	3.64e-49	196
088fe13fa02373ceebeefea46a158220	gb|MW232431|Thunnus_tonggol	100.000	106	0	0	1	106	506	611	3.64e-49	196
088fe13fa02373ceebeefea46a158220	gb|MW232430|Thunnus_tonggol	100.000	106	0	0	1	106	506	611	3.64e-49	196
088fe13fa02373ceebeefea46a158220	gb|AY507952|Thunnus_thynnus_thynnus	100.000	106	0	0	1	106	438	543	3.64e-49	196
088fe13fa02373ceebeefea46a158220	gb|AY507951|Thunnus_thynnus_thynnus	100.000	106	0	0	1	106	438	543	3.64e-49	196
088fe13fa02373ceebeefea46a158220	gb|DQ854647|Thunnus_thynnus	100.000	106	0	0	1	106	438	543	3.64e-49	196
088fe13fa02373ceebeefea46a158220	gb|OU343215|Thunnus_maccoyii	100.000	106	0	0	1	106	505	610	3.64e-49	196
a4bfec56d00b2741e09bd9ec98bd80ae	gb|OR482454|Anchoa_mitchilli	100.000	106	0	0	1	106	507	612	3.64e-49	196
a4bfec56d00b2741e09bd9ec98bd80ae	gb|DQ912042|Anchoa_mitchilli	100.000	106	0	0	1	106	158	263	3.64e-49	196
04b7800c7f90cbcfb4fd58ebbda70f82	gb|OR482456|Sphoeroides_nephelus	100.000	106	0	0	1	106	508	613	3.64e-49	196
04b7800c7f90cbcfb4fd58ebbda70f82	gb|OR482459|Sphoeroides_nephelus	100.000	106	0	0	1	106	508	613	3.64e-49	196
04b7800c7f90cbcfb4fd58ebbda70f82	gb|OP056994|Sphoeroides_maculatus	100.000	106	0	0	1	106	508	613	3.64e-49	196
04b7800c7f90cbcfb4fd58ebbda70f82	gb|KX686080|Sphoeroides_maculatus	100.000	106	0	0	1	106	194	299	3.64e-49	196
04b7800c7f90cbcfb4fd58ebbda70f82	gb|AP011914|Sphoeroides_parvus	100.000	106	0	0	1	106	508	613	3.64e-49	196
7f16ab98ac42af9e5f08ecdbb0050a7a	gb|EU715444|Mugil_curema	100.000	107	0	0	1	107	15	121	1.02e-49	198
7f16ab98ac42af9e5f08ecdbb0050a7a	gb|EU715443|Mugil_curema	100.000	107	0	0	1	107	15	121	1.02e-49	198
7f16ab98ac42af9e5f08ecdbb0050a7a	gb|EU715442|Mugil_curema	100.000	107	0	0	1	107	15	121	1.02e-49	198
7f16ab98ac42af9e5f08ecdbb0050a7a	gb|KX686082|Mugil_curema	100.000	107	0	0	1	107	192	298	1.02e-49	198
7f16ab98ac42af9e5f08ecdbb0050a7a	gb|JQ996483|Mugil_curema	100.000	107	0	0	1	107	11	117	1.02e-49	198
7f16ab98ac42af9e5f08ecdbb0050a7a	gb|JQ996482|Mugil_curema	100.000	107	0	0	1	107	11	117	1.02e-49	198
7f16ab98ac42af9e5f08ecdbb0050a7a	gb|JQ996481|Mugil_curema	100.000	107	0	0	1	107	11	117	1.02e-49	198
7f16ab98ac42af9e5f08ecdbb0050a7a	gb|JQ996480|Mugil_curema	100.000	107	0	0	1	107	11	117	1.02e-49	198
7f16ab98ac42af9e5f08ecdbb0050a7a	gb|JQ996478|Mugil_curema	100.000	107	0	0	1	107	11	117	1.02e-49	198
7f16ab98ac42af9e5f08ecdbb0050a7a	gb|JQ996477|Mugil_curema	100.000	107	0	0	1	107	11	117	1.02e-49	198
b601aa8c7097e2da4261351f59991d47	gb|OP056822|Gobiosoma_ginsburgi	100.000	105	0	0	1	105	510	614	1.29e-48	195
b601aa8c7097e2da4261351f59991d47	gb|KX686094|Gobiosoma_ginsburgi	100.000	105	0	0	1	105	190	294	1.29e-48	195
b601aa8c7097e2da4261351f59991d47	gb|KX686093|Gobiosoma_ginsburgi	100.000	105	0	0	1	105	190	294	1.29e-48	195
b601aa8c7097e2da4261351f59991d47	gb|KX686075|Gobiosoma_ginsburgi	100.000	105	0	0	1	105	190	294	1.29e-48	195
912785bf396173d4c55f91a117bf79f3	gb|OR546174|Prionotus_evolans	100.000	106	0	0	1	106	510	615	3.64e-49	196
912785bf396173d4c55f91a117bf79f3	gb|KX686081|Prionotus_evolans	100.000	106	0	0	1	106	193	298	3.64e-49	196
c20012982895b04d13de2f753fab6067	gb|LC822260|Pholis_crassispina	100.000	106	0	0	1	106	378	483	3.64e-49	196
c20012982895b04d13de2f753fab6067	gb|LC770392|Pholis_crassispina	100.000	106	0	0	1	106	378	483	3.64e-49	196
c20012982895b04d13de2f753fab6067	gb|LC770393|Pholis_nebulosa	100.000	106	0	0	1	106	379	484	3.64e-49	196
c20012982895b04d13de2f753fab6067	gb|LC767263|Pholis_crassispina	100.000	106	0	0	1	106	378	483	3.64e-49	196
c20012982895b04d13de2f753fab6067	gb|LC767264|Pholis_nebulosa	100.000	106	0	0	1	106	379	484	3.64e-49	196
c20012982895b04d13de2f753fab6067	gb|OL806593|Pholis_ornata	100.000	106	0	0	1	106	507	612	3.64e-49	196
c20012982895b04d13de2f753fab6067	gb|MW995370|Pholis_gunnellus	100.000	106	0	0	1	106	186	291	3.64e-49	196
c20012982895b04d13de2f753fab6067	gb|MT942974|Dictyosoma_burgeri	100.000	106	0	0	1	106	508	613	3.64e-49	196
c20012982895b04d13de2f753fab6067	gb|MT621236|Kasatkia_memorabilis	100.000	106	0	0	1	106	507	612	3.64e-49	196
c20012982895b04d13de2f753fab6067	gb|MT621235|Kasatkia_memorabilis	100.000	106	0	0	1	106	507	612	3.64e-49	196
5daa0b8399decc9caa3f0118be5a7be5	gb|PP620824|Morone_americana	100.000	106	0	0	1	106	205	310	3.64e-49	196
5daa0b8399decc9caa3f0118be5a7be5	gb|OR094989|Morone_americana	100.000	106	0	0	1	106	429	534	3.64e-49	196
5daa0b8399decc9caa3f0118be5a7be5	gb|OR094990|Morone_americana	100.000	106	0	0	1	106	432	537	3.64e-49	196
5daa0b8399decc9caa3f0118be5a7be5	gb|OR094991|Morone_americana	100.000	106	0	0	1	106	442	547	3.64e-49	196
5daa0b8399decc9caa3f0118be5a7be5	gb|MT667246|Morone_americana	100.000	106	0	0	1	106	512	617	3.64e-49	196
5daa0b8399decc9caa3f0118be5a7be5	gb|MT667241|Morone_americana	100.000	106	0	0	1	106	512	617	3.64e-49	196
5daa0b8399decc9caa3f0118be5a7be5	gb|KU641485|Morone_americana	100.000	106	0	0	1	106	512	617	3.64e-49	196
5daa0b8399decc9caa3f0118be5a7be5	gb|AP006790|Morone_americana	100.000	106	0	0	1	106	512	617	3.64e-49	196
5daa0b8399decc9caa3f0118be5a7be5	gb|MT484064|Morone_americana	100.000	101	0	0	6	106	1	101	2.19e-46	187
5daa0b8399decc9caa3f0118be5a7be5	gb|MT484063|Morone_americana	100.000	101	0	0	6	106	1	101	2.19e-46	187
d4fd97e68293a29065e0fa6cdc98d899	gb|PP467820|Argyrosomus_regius	100.000	106	0	0	1	106	436	331	3.64e-49	196
d4fd97e68293a29065e0fa6cdc98d899	gb|OR482501|Totoaba_macdonaldi	100.000	106	0	0	1	106	508	613	3.64e-49	196
d4fd97e68293a29065e0fa6cdc98d899	gb|OP056820|Leiostomus_xanthurus	100.000	106	0	0	1	106	507	612	3.64e-49	196
d4fd97e68293a29065e0fa6cdc98d899	gb|OP057004|Pogonias_cromis	100.000	106	0	0	1	106	508	613	3.64e-49	196
d4fd97e68293a29065e0fa6cdc98d899	gb|ON000317|Argyrosomus_regius	100.000	106	0	0	1	106	435	540	3.64e-49	196
d4fd97e68293a29065e0fa6cdc98d899	gb|ON000353|Umbrina_canariensis	100.000	106	0	0	1	106	436	541	3.64e-49	196
d4fd97e68293a29065e0fa6cdc98d899	gb|ON000354|Umbrina_canariensis	100.000	106	0	0	1	106	436	541	3.64e-49	196
d4fd97e68293a29065e0fa6cdc98d899	gb|ON000355|Umbrina_cirrosa	100.000	106	0	0	1	106	436	541	3.64e-49	196
d4fd97e68293a29065e0fa6cdc98d899	gb|OP154150|Leiostomus_xanthurus	100.000	106	0	0	1	106	425	530	3.64e-49	196
d4fd97e68293a29065e0fa6cdc98d899	gb|OP154151|Leiostomus_xanthurus	100.000	106	0	0	1	106	434	539	3.64e-49	196
a4d945d1dcb107235ad37de2408c5919	gb|KT288182|Cyprinodon_variegatus	100.000	106	0	0	1	106	506	611	3.64e-49	196
a4d945d1dcb107235ad37de2408c5919	gb|KR061357|Cyprinodon_variegatus_variegatus	100.000	106	0	0	1	106	506	611	3.64e-49	196
f394b999b0d2fdb6584bf0ee36f3a9db	gb|PP620819|Lepomis_macrochirus	100.000	106	0	0	1	106	198	303	3.64e-49	196
f394b999b0d2fdb6584bf0ee36f3a9db	gb|OR552035|Lepomis_macrochirus	100.000	106	0	0	1	106	506	611	3.64e-49	196
f394b999b0d2fdb6584bf0ee36f3a9db	gb|OQ793722|Lepomis_macrochirus	100.000	106	0	0	1	106	438	543	3.64e-49	196
f394b999b0d2fdb6584bf0ee36f3a9db	gb|OQ793723|Lepomis_macrochirus	100.000	106	0	0	1	106	438	543	3.64e-49	196
f394b999b0d2fdb6584bf0ee36f3a9db	gb|OQ793724|Lepomis_macrochirus	100.000	106	0	0	1	106	438	543	3.64e-49	196
f394b999b0d2fdb6584bf0ee36f3a9db	gb|ON479145|Lepomis_macrochirus	100.000	106	0	0	1	106	190	295	3.64e-49	196
f394b999b0d2fdb6584bf0ee36f3a9db	gb|OM736810|Lepomis_macrochirus	100.000	106	0	0	1	106	507	612	3.64e-49	196
f394b999b0d2fdb6584bf0ee36f3a9db	gb|OL339399|Lepomis_macrochirus	100.000	106	0	0	1	106	506	611	3.64e-49	196
f394b999b0d2fdb6584bf0ee36f3a9db	gb|OL457399|Lepomis_cyanellus	100.000	106	0	0	1	106	506	611	3.64e-49	196
f394b999b0d2fdb6584bf0ee36f3a9db	gb|CM045181|Lepomis_macrochirus	100.000	106	0	0	1	106	506	611	3.64e-49	196
b98d245c042075fa94c4a01ffd4f9db8	gb|OR582683|Peprilus_triacanthus	100.000	106	0	0	1	106	316	421	3.64e-49	196
b98d245c042075fa94c4a01ffd4f9db8	gb|OR224435|Peprilus_burti	100.000	106	0	0	1	106	269	374	3.64e-49	196
b98d245c042075fa94c4a01ffd4f9db8	gb|OR224436|Peprilus_burti	100.000	106	0	0	1	106	269	374	3.64e-49	196
b98d245c042075fa94c4a01ffd4f9db8	gb|OP056924|Peprilus_burti	100.000	106	0	0	1	106	507	612	3.64e-49	196
b98d245c042075fa94c4a01ffd4f9db8	gb|KX686076|Peprilus_triacanthus	100.000	106	0	0	1	106	189	294	3.64e-49	196
b98d245c042075fa94c4a01ffd4f9db8	gb|AP012947|Peprilus_burti	100.000	106	0	0	1	106	506	611	3.64e-49	196
f330e9fc8ac0b4fa01bf42c732e0c211	gb|OP056988|Cynoscion_regalis	100.000	106	0	0	1	106	503	608	3.64e-49	196
f330e9fc8ac0b4fa01bf42c732e0c211	gb|OP057008|Cynoscion_arenarius	100.000	106	0	0	1	106	504	609	3.64e-49	196
f330e9fc8ac0b4fa01bf42c732e0c211	gb|OP154145|Cynoscion_arenarius	100.000	106	0	0	1	106	431	536	3.64e-49	196
f330e9fc8ac0b4fa01bf42c732e0c211	gb|KX364159|Cynoscion_regalis	100.000	106	0	0	1	106	5085	5190	3.64e-49	196
f330e9fc8ac0b4fa01bf42c732e0c211	gb|MH377810|Cynoscion_regalis	100.000	106	0	0	1	106	191	296	3.64e-49	196
f330e9fc8ac0b4fa01bf42c732e0c211	gb|AF128401|Cynoscion_arenarius	100.000	104	0	0	3	106	19	122	4.71e-48	193
4f02a2feb56172509da29f8985949238	gb|PQ284192|Salmo_salar	100.000	106	0	0	1	106	505	610	3.64e-49	196
4f02a2feb56172509da29f8985949238	gb|PQ284193|Salmo_salar	100.000	106	0	0	1	106	505	610	3.64e-49	196
4f02a2feb56172509da29f8985949238	gb|PQ284194|Salmo_salar	100.000	106	0	0	1	106	505	610	3.64e-49	196
4f02a2feb56172509da29f8985949238	gb|PQ284195|Salmo_salar	100.000	106	0	0	1	106	505	610	3.64e-49	196
4f02a2feb56172509da29f8985949238	gb|PQ284196|Salmo_salar	100.000	106	0	0	1	106	505	610	3.64e-49	196
4f02a2feb56172509da29f8985949238	gb|PQ284197|Salmo_salar	100.000	106	0	0	1	106	505	610	3.64e-49	196
4f02a2feb56172509da29f8985949238	gb|PQ284198|Salmo_salar	100.000	106	0	0	1	106	505	610	3.64e-49	196
4f02a2feb56172509da29f8985949238	gb|PQ284199|Salmo_salar	100.000	106	0	0	1	106	505	610	3.64e-49	196
4f02a2feb56172509da29f8985949238	gb|PQ284200|Salmo_salar	100.000	106	0	0	1	106	505	610	3.64e-49	196
4f02a2feb56172509da29f8985949238	gb|PQ284201|Salmo_salar	100.000	106	0	0	1	106	505	610	3.64e-49	196
3263823015a44ae565e2a900fd06ab34	gb|AB370893|Menidia_menidia	100.000	104	0	0	3	106	510	613	4.71e-48	193
3263823015a44ae565e2a900fd06ab34	gb|MH538898|Menidia_menidia	100.000	104	0	0	3	106	510	613	4.71e-48	193
3263823015a44ae565e2a900fd06ab34	gb|MH538897|Menidia_menidia	100.000	104	0	0	3	106	510	613	4.71e-48	193
3263823015a44ae565e2a900fd06ab34	gb|MH538896|Menidia_menidia	100.000	104	0	0	3	106	510	613	4.71e-48	193
3263823015a44ae565e2a900fd06ab34	gb|MH538894|Menidia_menidia	100.000	104	0	0	3	106	510	613	4.71e-48	193
3263823015a44ae565e2a900fd06ab34	gb|MH538893|Menidia_menidia	100.000	104	0	0	3	106	510	613	4.71e-48	193
3263823015a44ae565e2a900fd06ab34	gb|MH538892|Menidia_menidia	100.000	104	0	0	3	106	510	613	4.71e-48	193
3263823015a44ae565e2a900fd06ab34	gb|MH538891|Menidia_menidia	100.000	104	0	0	3	106	510	613	4.71e-48	193
3263823015a44ae565e2a900fd06ab34	gb|MH538890|Menidia_menidia	100.000	104	0	0	3	106	510	613	4.71e-48	193
3263823015a44ae565e2a900fd06ab34	gb|MH538889|Menidia_menidia	100.000	104	0	0	3	106	510	613	4.71e-48	193
ba06b18e8bb2ff80ea467560ae86b672	gb|MH538895|Menidia_menidia	100.000	106	0	0	1	106	508	613	3.64e-49	196
680475954df3011ebba1033f1b2f2a86	gb|OR546192|Prionotus_carolinus	100.000	106	0	0	1	106	508	613	3.64e-49	196
680475954df3011ebba1033f1b2f2a86	gb|MH377834|Prionotus_carolinus	100.000	106	0	0	1	106	187	292	3.64e-49	196
b482cfb3fb1a4b2ee313b04c480960a4	gb|KT869378|Fundulus_heteroclitus	100.000	104	0	0	2	105	507	610	4.65e-48	193
b482cfb3fb1a4b2ee313b04c480960a4	gb|KX686098|Fundulus_heteroclitus	100.000	104	0	0	2	105	191	294	4.65e-48	193
b482cfb3fb1a4b2ee313b04c480960a4	gb|KX686092|Fundulus_heteroclitus	100.000	104	0	0	2	105	191	294	4.65e-48	193
b482cfb3fb1a4b2ee313b04c480960a4	gb|KX686091|Fundulus_heteroclitus	100.000	104	0	0	2	105	191	294	4.65e-48	193
b482cfb3fb1a4b2ee313b04c480960a4	gb|KX686077|Fundulus_heteroclitus	100.000	104	0	0	2	105	191	294	4.65e-48	193
b482cfb3fb1a4b2ee313b04c480960a4	gb|FJ445402|Fundulus_heteroclitus	100.000	104	0	0	2	105	507	610	4.65e-48	193
b482cfb3fb1a4b2ee313b04c480960a4	gb|FJ445401|Fundulus_heteroclitus	100.000	104	0	0	2	105	507	610	4.65e-48	193
b482cfb3fb1a4b2ee313b04c480960a4	gb|FJ445400|Fundulus_heteroclitus	100.000	104	0	0	2	105	507	610	4.65e-48	193
b482cfb3fb1a4b2ee313b04c480960a4	gb|FJ445399|Fundulus_heteroclitus	100.000	104	0	0	2	105	507	610	4.65e-48	193
b482cfb3fb1a4b2ee313b04c480960a4	gb|FJ445398|Fundulus_heteroclitus	100.000	104	0	0	2	105	507	610	4.65e-48	193
9e985443e4cd6cdec8bd0d1d325c53d9	gb|OR582684|Urophycis_regia	100.000	107	0	0	1	107	505	611	1.02e-49	198
9e985443e4cd6cdec8bd0d1d325c53d9	gb|OP057106|Urophycis_chuss	100.000	107	0	0	1	107	15295	15189	1.02e-49	198
9e985443e4cd6cdec8bd0d1d325c53d9	gb|FJ215093|Urophycis_chuss	100.000	107	0	0	1	107	156	262	1.02e-49	198
9e985443e4cd6cdec8bd0d1d325c53d9	gb|FJ215092|Urophycis_tenuis	100.000	107	0	0	1	107	156	262	1.02e-49	198
9e985443e4cd6cdec8bd0d1d325c53d9	gb|FJ215091|Urophycis_regia	100.000	107	0	0	1	107	155	261	1.02e-49	198
9e985443e4cd6cdec8bd0d1d325c53d9	gb|MT103927|Urophycis_tenuis	100.000	107	0	0	1	107	256	362	1.02e-49	198
71e6056a57e47b60dd5761bbb7128e57	gb|OR482466|Peristedion_longispatha	100.000	106	0	0	1	106	506	611	3.64e-49	196
71e6056a57e47b60dd5761bbb7128e57	gb|OR482478|Peristedion_miniatum	100.000	106	0	0	1	106	506	611	3.64e-49	196
71e6056a57e47b60dd5761bbb7128e57	gb|OP057105|Peristedion_imberbe	100.000	106	0	0	1	106	5169	5064	3.64e-49	196
71e6056a57e47b60dd5761bbb7128e57	gb|MH377832|Ulvaria_subbifurcata	100.000	106	0	0	1	106	192	297	3.64e-49	196
71e6056a57e47b60dd5761bbb7128e57	gb|MH377831|Ulvaria_subbifurcata	100.000	106	0	0	1	106	192	297	3.64e-49	196
71e6056a57e47b60dd5761bbb7128e57	gb|MT103910|Eumesogrammus_praecisus	100.000	106	0	0	1	106	281	386	3.64e-49	196
71e6056a57e47b60dd5761bbb7128e57	gb|MN883173|Peristedion_miniatum	100.000	106	0	0	1	106	192	297	3.64e-49	196
71e6056a57e47b60dd5761bbb7128e57	gb|MN883172|Peristedion_miniatum	100.000	106	0	0	1	106	192	297	3.64e-49	196
d33d1d19c918f501785c1b1c4c550b91	gb|OP154174|Myrophis_punctatus	100.000	106	0	0	1	106	334	439	3.64e-49	196
d33d1d19c918f501785c1b1c4c550b91	gb|OP154175|Myrophis_punctatus	100.000	106	0	0	1	106	222	327	3.64e-49	196
d33d1d19c918f501785c1b1c4c550b91	gb|OP154176|Myrophis_punctatus	100.000	106	0	0	1	106	267	372	3.64e-49	196
9cd2d1e2b07d7fe29922747a79d290ee	gb|MH538741|Menidia_menidia	100.000	106	0	0	1	106	508	613	3.64e-49	196
c3c1eef842835b054ec197ec4c454a90	gb|OR482559|Thaleichthys_pacificus	100.000	106	0	0	1	106	504	609	3.64e-49	196
c3c1eef842835b054ec197ec4c454a90	gb|OM736824|Osmerus_mordax	100.000	106	0	0	1	106	504	609	3.64e-49	196
c3c1eef842835b054ec197ec4c454a90	gb|ON005619|Thaleichthys_pacificus	100.000	106	0	0	1	106	504	609	3.64e-49	196
c3c1eef842835b054ec197ec4c454a90	gb|OL806604|Thaleichthys_pacificus	100.000	106	0	0	1	106	504	609	3.64e-49	196
c3c1eef842835b054ec197ec4c454a90	gb|MW856916|Osmerus_mordax	100.000	106	0	0	1	106	504	609	3.64e-49	196
c3c1eef842835b054ec197ec4c454a90	gb|MW856884|Osmerus_mordax	100.000	106	0	0	1	106	504	609	3.64e-49	196
c3c1eef842835b054ec197ec4c454a90	gb|MW856836|Osmerus_mordax	100.000	106	0	0	1	106	504	609	3.64e-49	196
c3c1eef842835b054ec197ec4c454a90	gb|MW856834|Osmerus_mordax	100.000	106	0	0	1	106	504	609	3.64e-49	196
c3c1eef842835b054ec197ec4c454a90	gb|MH370837|Osmerus_mordax_dentex	100.000	106	0	0	1	106	504	609	3.64e-49	196
c3c1eef842835b054ec197ec4c454a90	gb|MH370836|Osmerus_mordax_dentex	100.000	106	0	0	1	106	504	609	3.64e-49	196
30a623f128fb722f5fc16dbb86582d53	gb|PP467752|Sprattus_sprattus	100.000	106	0	0	1	106	487	382	3.64e-49	196
30a623f128fb722f5fc16dbb86582d53	gb|OY735306|Sprattus_sprattus	100.000	106	0	0	1	106	509	614	3.64e-49	196
30a623f128fb722f5fc16dbb86582d53	gb|MW818211|Clupea_harengus	100.000	106	0	0	1	106	439	544	3.64e-49	196
30a623f128fb722f5fc16dbb86582d53	gb|MW818210|Clupea_harengus	100.000	106	0	0	1	106	439	544	3.64e-49	196
30a623f128fb722f5fc16dbb86582d53	gb|KC193777|Clupea_harengus	100.000	106	0	0	1	106	508	613	3.64e-49	196
30a623f128fb722f5fc16dbb86582d53	gb|KC193776|Clupea_harengus	100.000	106	0	0	1	106	508	613	3.64e-49	196
30a623f128fb722f5fc16dbb86582d53	gb|KC193775|Clupea_harengus	100.000	106	0	0	1	106	508	613	3.64e-49	196
30a623f128fb722f5fc16dbb86582d53	gb|KC193774|Clupea_harengus	100.000	106	0	0	1	106	508	613	3.64e-49	196
30a623f128fb722f5fc16dbb86582d53	gb|KC193773|Clupea_harengus	100.000	106	0	0	1	106	508	613	3.64e-49	196
30a623f128fb722f5fc16dbb86582d53	gb|KC193772|Clupea_harengus	100.000	106	0	0	1	106	508	613	3.64e-49	196
0df37a1b74088f0e7410a1b78cada881	gb|PP467792|Engraulis_encrasicolus	100.000	106	0	0	1	106	439	334	3.64e-49	196
0df37a1b74088f0e7410a1b78cada881	gb|AF417342|Engraulis_japonicus	100.000	106	0	0	1	106	440	545	3.64e-49	196
0df37a1b74088f0e7410a1b78cada881	gb|DQ912050|Engraulis_eurystole	100.000	106	0	0	1	106	159	264	3.64e-49	196
0df37a1b74088f0e7410a1b78cada881	gb|DQ912031|Engraulis_encrasicolus	100.000	106	0	0	1	106	159	264	3.64e-49	196
0df37a1b74088f0e7410a1b78cada881	gb|AB040676|Engraulis_japonicus	100.000	106	0	0	1	106	509	614	3.64e-49	196
0df37a1b74088f0e7410a1b78cada881	gb|KF765500|Engraulis_japonicus	100.000	106	0	0	1	106	509	614	3.64e-49	196
0df37a1b74088f0e7410a1b78cada881	gb|AP017957|Engraulis_japonicus	100.000	106	0	0	1	106	509	614	3.64e-49	196
0df37a1b74088f0e7410a1b78cada881	gb|LC604998|Engraulis_japonicus	100.000	106	0	0	1	106	387	492	3.64e-49	196
0df37a1b74088f0e7410a1b78cada881	gb|HM003564|Engraulis_japonicus	100.000	104	0	0	3	106	1	104	4.71e-48	193
0df37a1b74088f0e7410a1b78cada881	gb|HM003563|Engraulis_japonicus	100.000	104	0	0	3	106	1	104	4.71e-48	193
2def03f6d87f27f9f996fea635258b79	gb|PP620811|Fundulus_diaphanus	100.000	105	0	0	1	105	192	296	1.29e-48	195
2def03f6d87f27f9f996fea635258b79	gb|CM073191|Fundulus_diaphanus	100.000	105	0	0	1	105	506	610	1.29e-48	195
2def03f6d87f27f9f996fea635258b79	gb|OM736858|Fundulus_diaphanus	100.000	105	0	0	1	105	505	609	1.29e-48	195
2def03f6d87f27f9f996fea635258b79	gb|OL435158|Fundulus_diaphanus	100.000	105	0	0	1	105	506	610	1.29e-48	195
2def03f6d87f27f9f996fea635258b79	gb|OL457428|Fundulus_diaphanus	100.000	105	0	0	1	105	506	610	1.29e-48	195
2def03f6d87f27f9f996fea635258b79	gb|MW856841|Fundulus_diaphanus	100.000	105	0	0	1	105	506	610	1.29e-48	195
2def03f6d87f27f9f996fea635258b79	gb|FJ445395|Fundulus_diaphanus	100.000	105	0	0	1	105	506	610	1.29e-48	195
2def03f6d87f27f9f996fea635258b79	gb|FJ445394|Fundulus_diaphanus	100.000	105	0	0	1	105	506	610	1.29e-48	195
c73cefb2b4ac8de08ae0c68341cbb28f	gb|AP006807|Histiopterus_typus	100.000	106	0	0	1	106	510	615	3.64e-49	196
ed00c11476e9a07d3441cb0a1073d3ab	gb|OR546212|Citharichthys_stigmaeus	100.000	107	0	0	1	107	504	610	1.02e-49	198
ed00c11476e9a07d3441cb0a1073d3ab	gb|OP056804|Etropus_microstomus	100.000	107	0	0	1	107	505	611	1.02e-49	198
ed00c11476e9a07d3441cb0a1073d3ab	gb|AF488502|Etropus_microstomus	100.000	107	0	0	1	107	436	542	1.02e-49	198
5e195d1ea85055f02620fe14c0cb36db	gb|MW856904|Acipenser_baerii	100.000	106	0	0	1	106	520	625	3.64e-49	196
5e195d1ea85055f02620fe14c0cb36db	gb|MW856903|Acipenser_baerii	100.000	106	0	0	1	106	520	625	3.64e-49	196
5e195d1ea85055f02620fe14c0cb36db	gb|MW713795|Acipenser_persicus	100.000	106	0	0	1	106	520	625	3.64e-49	196
5e195d1ea85055f02620fe14c0cb36db	gb|MT667238|Acipenser_fulvescens	100.000	106	0	0	1	106	520	625	3.64e-49	196
5e195d1ea85055f02620fe14c0cb36db	gb|AY544146|Huso_huso	100.000	106	0	0	1	106	452	557	3.64e-49	196
5e195d1ea85055f02620fe14c0cb36db	gb|AY544144|Acipenser_stellatus	100.000	106	0	0	1	106	452	557	3.64e-49	196
5e195d1ea85055f02620fe14c0cb36db	gb|AY544139|Acipenser_persicus	100.000	106	0	0	1	106	452	557	3.64e-49	196
5e195d1ea85055f02620fe14c0cb36db	gb|AY544138|Acipenser_nudiventris	100.000	106	0	0	1	106	452	557	3.64e-49	196
5e195d1ea85055f02620fe14c0cb36db	gb|AY544137|Acipenser_naccarii	100.000	106	0	0	1	106	452	557	3.64e-49	196
5e195d1ea85055f02620fe14c0cb36db	gb|AY544136|Acipenser_gueldenstaedtii	100.000	106	0	0	1	106	452	557	3.64e-49	196
c454cbfa342304f0b252b0244f9a823d	gb|OR482523|Hippoglossoides_robustus	100.000	106	0	0	1	106	506	611	3.64e-49	196
c454cbfa342304f0b252b0244f9a823d	gb|OR482562|Hippoglossoides_elassodon	100.000	106	0	0	1	106	506	611	3.64e-49	196
c454cbfa342304f0b252b0244f9a823d	gb|KT223828|Cleisthenes_herzensteini	100.000	106	0	0	1	106	506	611	3.64e-49	196
c454cbfa342304f0b252b0244f9a823d	gb|LC677338|Dexistes_rikuzenius	100.000	106	0	0	1	106	377	482	3.64e-49	196
c454cbfa342304f0b252b0244f9a823d	gb|KP013094|Limanda_aspera	100.000	106	0	0	1	106	506	611	3.64e-49	196
c454cbfa342304f0b252b0244f9a823d	gb|MK803058|Hippoglossoides_elassodon	100.000	106	0	0	1	106	191	296	3.64e-49	196
c454cbfa342304f0b252b0244f9a823d	gb|MK803057|Hippoglossoides_elassodon	100.000	106	0	0	1	106	191	296	3.64e-49	196
c454cbfa342304f0b252b0244f9a823d	gb|MK803048|Hippoglossoides_elassodon	100.000	106	0	0	1	106	191	296	3.64e-49	196
c454cbfa342304f0b252b0244f9a823d	gb|MK803047|Hippoglossoides_elassodon	100.000	106	0	0	1	106	191	296	3.64e-49	196
c454cbfa342304f0b252b0244f9a823d	gb|AP012503|Nesiarchus_nasutus	100.000	106	0	0	1	106	506	611	3.64e-49	196
fff5fad17adc1f669f466579efceccbd	gb|MW630160|Tautoga_onitis	100.000	103	0	0	1	103	436	538	1.69e-47	191
fff5fad17adc1f669f466579efceccbd	gb|EU601223|Tautoga_onitis	100.000	103	0	0	1	103	457	559	1.69e-47	191
fff5fad17adc1f669f466579efceccbd	gb|KX686097|Tautoga_onitis	100.000	103	0	0	1	103	191	293	1.69e-47	191
fff5fad17adc1f669f466579efceccbd	gb|KX686095|Tautoga_onitis	100.000	103	0	0	1	103	191	293	1.69e-47	191
fff5fad17adc1f669f466579efceccbd	gb|AY279648|Tautoga_onitis	100.000	103	0	0	1	103	438	540	1.69e-47	191
df16bf5ad89bf233d6bd539e611b029a	gb|PP620801|Cottus_cognatus	100.000	106	0	0	1	106	199	304	3.64e-49	196
df16bf5ad89bf233d6bd539e611b029a	gb|OR551997|Cottus_specus	100.000	106	0	0	1	106	253	358	3.64e-49	196
df16bf5ad89bf233d6bd539e611b029a	gb|OR552040|Cottus_carolinae	100.000	106	0	0	1	106	510	615	3.64e-49	196
df16bf5ad89bf233d6bd539e611b029a	gb|OK328114|Cottus_asper	100.000	106	0	0	1	106	506	611	3.64e-49	196
df16bf5ad89bf233d6bd539e611b029a	gb|OK623660|Cottus_rhotheus	100.000	106	0	0	1	106	509	614	3.64e-49	196
df16bf5ad89bf233d6bd539e611b029a	gb|OK637261|Cottus_asper	100.000	106	0	0	1	106	506	611	3.64e-49	196
df16bf5ad89bf233d6bd539e611b029a	gb|OL339396|Cottus_asper	100.000	106	0	0	1	106	507	612	3.64e-49	196
df16bf5ad89bf233d6bd539e611b029a	gb|OL339397|Cottus_perplexus	100.000	106	0	0	1	106	506	611	3.64e-49	196
df16bf5ad89bf233d6bd539e611b029a	gb|OL404935|Cottus_gulosus	100.000	106	0	0	1	106	507	612	3.64e-49	196
df16bf5ad89bf233d6bd539e611b029a	gb|OL404936|Cottus_gulosus	100.000	106	0	0	1	106	507	612	3.64e-49	196
879319f127f42872ba2daeb54fc4135a	gb|CM102118|Gasterosteus_aculeatus	100.000	106	0	0	1	106	506	611	3.64e-49	196
879319f127f42872ba2daeb54fc4135a	gb|OZ193855|Gasterosteus_aculeatus	100.000	106	0	0	1	106	506	611	3.64e-49	196
879319f127f42872ba2daeb54fc4135a	gb|PP764783|Gasterosteus_nipponicus	100.000	106	0	0	1	106	506	611	3.64e-49	196
879319f127f42872ba2daeb54fc4135a	gb|OP931333|Gasterosteus_aculeatus	100.000	106	0	0	1	106	191	296	3.64e-49	196
879319f127f42872ba2daeb54fc4135a	gb|OP931335|Gasterosteus_aculeatus	100.000	106	0	0	1	106	191	296	3.64e-49	196
879319f127f42872ba2daeb54fc4135a	gb|OP931337|Gasterosteus_aculeatus	100.000	106	0	0	1	106	191	296	3.64e-49	196
879319f127f42872ba2daeb54fc4135a	gb|OP931338|Gasterosteus_aculeatus	100.000	106	0	0	1	106	191	296	3.64e-49	196
879319f127f42872ba2daeb54fc4135a	gb|OP931339|Gasterosteus_aculeatus	100.000	106	0	0	1	106	191	296	3.64e-49	196
879319f127f42872ba2daeb54fc4135a	gb|OP931340|Gasterosteus_aculeatus	100.000	106	0	0	1	106	191	296	3.64e-49	196
879319f127f42872ba2daeb54fc4135a	gb|OP931342|Gasterosteus_aculeatus	100.000	106	0	0	1	106	191	296	3.64e-49	196
9c8a7b893d0fdaf8c1c89606cfce1c08	gb|PP467849|Enchelyopus_cimbrius	100.000	106	0	0	1	106	445	340	3.64e-49	196
9c8a7b893d0fdaf8c1c89606cfce1c08	gb|OP056913|Enchelyopus_cimbrius	100.000	106	0	0	1	106	504	609	3.64e-49	196
9c8a7b893d0fdaf8c1c89606cfce1c08	gb|FJ215025|Enchelyopus_cimbrius	100.000	106	0	0	1	106	155	260	3.64e-49	196
df263dae379496c7e522db8a7dbc01c9	gb|PP467726|Scomber_scombrus	100.000	107	0	0	1	107	147	253	1.02e-49	198
df263dae379496c7e522db8a7dbc01c9	gb|OY829942|Scomber_scombrus	100.000	107	0	0	1	107	508	614	1.02e-49	198
df263dae379496c7e522db8a7dbc01c9	gb|AF055594|Scomber_scombrus	100.000	107	0	0	1	107	461	567	1.02e-49	198
df263dae379496c7e522db8a7dbc01c9	gb|AB241438|Scomber_scombrus	100.000	107	0	0	1	107	3	109	1.02e-49	198
df263dae379496c7e522db8a7dbc01c9	gb|AB120717|Scomber_scombrus	100.000	107	0	0	1	107	507	613	1.02e-49	198
df263dae379496c7e522db8a7dbc01c9	gb|MN844118|Scomber_scombrus	100.000	107	0	0	1	107	20	126	1.02e-49	198
df263dae379496c7e522db8a7dbc01c9	gb|MN122853|Scomber_scombrus	100.000	107	0	0	1	107	507	613	1.02e-49	198
9bcf18c30519dd344c1745a80495d5be	gb|AF149999|Mugil_curema	100.000	106	0	0	1	106	157	262	3.64e-49	196
9bcf18c30519dd344c1745a80495d5be	gb|EU715427|Mugil_cephalus	100.000	106	0	0	1	106	15	120	3.64e-49	196
c9bb5d5fc530c1dca2f73a53bb77141c	gb|PP467776|Gadus_morhua	100.000	106	0	0	1	106	431	326	3.64e-49	196
c9bb5d5fc530c1dca2f73a53bb77141c	gb|OQ210056|Gadus_morhua	100.000	106	0	0	1	106	511	616	3.64e-49	196
c9bb5d5fc530c1dca2f73a53bb77141c	gb|OQ210057|Gadus_morhua	100.000	106	0	0	1	106	511	616	3.64e-49	196
c9bb5d5fc530c1dca2f73a53bb77141c	gb|OQ210058|Gadus_morhua	100.000	106	0	0	1	106	511	616	3.64e-49	196
c9bb5d5fc530c1dca2f73a53bb77141c	gb|OQ210059|Gadus_morhua	100.000	106	0	0	1	106	511	616	3.64e-49	196
c9bb5d5fc530c1dca2f73a53bb77141c	gb|OQ210060|Gadus_morhua	100.000	106	0	0	1	106	511	616	3.64e-49	196
c9bb5d5fc530c1dca2f73a53bb77141c	gb|OQ210061|Gadus_morhua	100.000	106	0	0	1	106	511	616	3.64e-49	196
c9bb5d5fc530c1dca2f73a53bb77141c	gb|OQ210062|Gadus_morhua	100.000	106	0	0	1	106	511	616	3.64e-49	196
c9bb5d5fc530c1dca2f73a53bb77141c	gb|OQ210063|Gadus_morhua	100.000	106	0	0	1	106	511	616	3.64e-49	196
c9bb5d5fc530c1dca2f73a53bb77141c	gb|OQ210064|Gadus_morhua	100.000	106	0	0	1	106	511	616	3.64e-49	196
fc3a35d36a4bef6fa8cdb7939ba7cc00	gb|KT869378|Fundulus_heteroclitus	100.000	102	0	0	1	102	506	607	6.02e-47	189
fc3a35d36a4bef6fa8cdb7939ba7cc00	gb|KX686098|Fundulus_heteroclitus	100.000	102	0	0	1	102	190	291	6.02e-47	189
fc3a35d36a4bef6fa8cdb7939ba7cc00	gb|KX686092|Fundulus_heteroclitus	100.000	102	0	0	1	102	190	291	6.02e-47	189
fc3a35d36a4bef6fa8cdb7939ba7cc00	gb|KX686091|Fundulus_heteroclitus	100.000	102	0	0	1	102	190	291	6.02e-47	189
fc3a35d36a4bef6fa8cdb7939ba7cc00	gb|KX686077|Fundulus_heteroclitus	100.000	102	0	0	1	102	190	291	6.02e-47	189
fc3a35d36a4bef6fa8cdb7939ba7cc00	gb|FJ445402|Fundulus_heteroclitus	100.000	102	0	0	1	102	506	607	6.02e-47	189
fc3a35d36a4bef6fa8cdb7939ba7cc00	gb|FJ445401|Fundulus_heteroclitus	100.000	102	0	0	1	102	506	607	6.02e-47	189
fc3a35d36a4bef6fa8cdb7939ba7cc00	gb|FJ445400|Fundulus_heteroclitus	100.000	102	0	0	1	102	506	607	6.02e-47	189
fc3a35d36a4bef6fa8cdb7939ba7cc00	gb|FJ445399|Fundulus_heteroclitus	100.000	102	0	0	1	102	506	607	6.02e-47	189
fc3a35d36a4bef6fa8cdb7939ba7cc00	gb|FJ445398|Fundulus_heteroclitus	100.000	102	0	0	1	102	506	607	6.02e-47	189
85bd207c4b50a23e29dcb87be24e6779	gb|OR546244|Conger_oceanicus	100.000	105	0	0	1	105	510	614	1.29e-48	195
85bd207c4b50a23e29dcb87be24e6779	gb|MH377819|Conger_oceanicus	100.000	105	0	0	1	105	193	297	1.29e-48	195
85bd207c4b50a23e29dcb87be24e6779	gb|MH377818|Conger_oceanicus	100.000	105	0	0	1	105	193	297	1.29e-48	195
26a933bf07de2306f33cc95ec94e4b2f	gb|OR552038|Pomoxis_nigromaculatus	100.000	106	0	0	1	106	507	612	3.64e-49	196
26a933bf07de2306f33cc95ec94e4b2f	gb|OR094923|Pomoxis_nigromaculatus	100.000	106	0	0	1	106	435	540	3.64e-49	196
26a933bf07de2306f33cc95ec94e4b2f	gb|OQ793720|Pomoxis_nigromaculatus	100.000	106	0	0	1	106	439	544	3.64e-49	196
26a933bf07de2306f33cc95ec94e4b2f	gb|OQ793721|Pomoxis_nigromaculatus	100.000	106	0	0	1	106	439	544	3.64e-49	196
26a933bf07de2306f33cc95ec94e4b2f	gb|OM736831|Pomoxis_nigromaculatus	100.000	106	0	0	1	106	507	612	3.64e-49	196
26a933bf07de2306f33cc95ec94e4b2f	gb|OL339410|Pomoxis_annularis	100.000	106	0	0	1	106	507	612	3.64e-49	196
26a933bf07de2306f33cc95ec94e4b2f	gb|OL404929|Pomoxis_nigromaculatus	100.000	106	0	0	1	106	507	612	3.64e-49	196
26a933bf07de2306f33cc95ec94e4b2f	gb|OL457393|Pomoxis_nigromaculatus	100.000	106	0	0	1	106	507	612	3.64e-49	196
26a933bf07de2306f33cc95ec94e4b2f	gb|OL693866|Pomoxis_nigromaculatus	100.000	106	0	0	1	106	507	612	3.64e-49	196
26a933bf07de2306f33cc95ec94e4b2f	gb|KP013112|Pomoxis_nigromaculatus	100.000	106	0	0	1	106	507	612	3.64e-49	196
ed57094384d61f9a2dbc0c0e4ff6fb8a	gb|PP928755|Lepomis_gibbosus	100.000	106	0	0	1	106	11540	11645	3.64e-49	196
ed57094384d61f9a2dbc0c0e4ff6fb8a	gb|PP620815|Lepomis_auritus	100.000	106	0	0	1	106	201	306	3.64e-49	196
ed57094384d61f9a2dbc0c0e4ff6fb8a	gb|PP620817|Lepomis_gibbosus	100.000	106	0	0	1	106	199	304	3.64e-49	196
ed57094384d61f9a2dbc0c0e4ff6fb8a	gb|OP931390|Lepomis_gibbosus	100.000	106	0	0	1	106	191	296	3.64e-49	196
ed57094384d61f9a2dbc0c0e4ff6fb8a	gb|OP931391|Lepomis_gibbosus	100.000	106	0	0	1	106	191	296	3.64e-49	196
ed57094384d61f9a2dbc0c0e4ff6fb8a	gb|OP931392|Lepomis_gibbosus	100.000	106	0	0	1	106	191	296	3.64e-49	196
ed57094384d61f9a2dbc0c0e4ff6fb8a	gb|OP931393|Lepomis_gibbosus	100.000	106	0	0	1	106	191	296	3.64e-49	196
ed57094384d61f9a2dbc0c0e4ff6fb8a	gb|OP931396|Lepomis_gibbosus	100.000	106	0	0	1	106	191	296	3.64e-49	196
ed57094384d61f9a2dbc0c0e4ff6fb8a	gb|OP931397|Lepomis_gibbosus	100.000	106	0	0	1	106	191	296	3.64e-49	196
ed57094384d61f9a2dbc0c0e4ff6fb8a	gb|OP931398|Lepomis_gibbosus	100.000	106	0	0	1	106	191	296	3.64e-49	196
7bb99841c9c9b86e238cbcddc0e16567	gb|PP620822|Micropterus_salmoides	100.000	106	0	0	1	106	198	303	3.64e-49	196
7bb99841c9c9b86e238cbcddc0e16567	gb|OP931439|Micropterus_salmoides	100.000	106	0	0	1	106	191	296	3.64e-49	196
7bb99841c9c9b86e238cbcddc0e16567	gb|OP931440|Micropterus_salmoides	100.000	106	0	0	1	106	191	296	3.64e-49	196
7bb99841c9c9b86e238cbcddc0e16567	gb|OP931441|Micropterus_salmoides	100.000	106	0	0	1	106	191	296	3.64e-49	196
7bb99841c9c9b86e238cbcddc0e16567	gb|OP931442|Micropterus_salmoides	100.000	106	0	0	1	106	191	296	3.64e-49	196
7bb99841c9c9b86e238cbcddc0e16567	gb|OP931443|Micropterus_salmoides	100.000	106	0	0	1	106	191	296	3.64e-49	196
7bb99841c9c9b86e238cbcddc0e16567	gb|OR095012|Micropterus_salmoides	100.000	106	0	0	1	106	418	523	3.64e-49	196
7bb99841c9c9b86e238cbcddc0e16567	gb|OR094980|Micropterus_salmoides	100.000	106	0	0	1	106	435	540	3.64e-49	196
7bb99841c9c9b86e238cbcddc0e16567	gb|OR094981|Micropterus_salmoides	100.000	106	0	0	1	106	435	540	3.64e-49	196
7bb99841c9c9b86e238cbcddc0e16567	gb|OQ793736|Micropterus_salmoides	100.000	106	0	0	1	106	435	540	3.64e-49	196
92693323f831e69117617606814ae81f	gb|PP935174|Coryphaena_hippurus	100.000	105	0	0	1	105	506	610	1.29e-48	195
92693323f831e69117617606814ae81f	gb|OR582674|Coryphaena_hippurus	100.000	105	0	0	1	105	506	610	1.29e-48	195
92693323f831e69117617606814ae81f	gb|LC770037|Coryphaena_hippurus	100.000	105	0	0	1	105	377	481	1.29e-48	195
92693323f831e69117617606814ae81f	gb|LC770038|Coryphaena_hippurus	100.000	105	0	0	1	105	377	481	1.29e-48	195
92693323f831e69117617606814ae81f	gb|LC720452|Coryphaena_hippurus	100.000	105	0	0	1	105	379	483	1.29e-48	195
92693323f831e69117617606814ae81f	gb|AB355908|Coryphaena_hippurus	100.000	105	0	0	1	105	507	611	1.29e-48	195
92693323f831e69117617606814ae81f	gb|FJ374794|Coryphaena_hippurus	100.000	105	0	0	1	105	438	542	1.29e-48	195
92693323f831e69117617606814ae81f	gb|KF719178|Coryphaena_hippurus	100.000	105	0	0	1	105	632	736	1.29e-48	195
92693323f831e69117617606814ae81f	gb|GU946503|Coryphaena_hippurus	100.000	105	0	0	1	105	2	106	1.29e-48	195
92693323f831e69117617606814ae81f	gb|GU946502|Coryphaena_hippurus	100.000	105	0	0	1	105	2	106	1.29e-48	195
bbd6b723329db44753870a56d15bdbd6	gb|PQ858629|Sebastes_fasciatus	100.000	106	0	0	1	106	422	527	3.64e-49	196
bbd6b723329db44753870a56d15bdbd6	gb|PQ858630|Sebastes_fasciatus	100.000	106	0	0	1	106	1312	1417	3.64e-49	196
bbd6b723329db44753870a56d15bdbd6	gb|PQ858631|Sebastes_fasciatus	100.000	106	0	0	1	106	1312	1417	3.64e-49	196
bbd6b723329db44753870a56d15bdbd6	gb|PQ858632|Sebastes_mentella	100.000	106	0	0	1	106	758	863	3.64e-49	196
bbd6b723329db44753870a56d15bdbd6	gb|PQ858633|Sebastes_mentella	100.000	106	0	0	1	106	12778	12883	3.64e-49	196
bbd6b723329db44753870a56d15bdbd6	gb|PQ858634|Sebastes_mentella	100.000	106	0	0	1	106	1311	1416	3.64e-49	196
bbd6b723329db44753870a56d15bdbd6	gb|OR482511|Sebastes_constellatus	100.000	106	0	0	1	106	505	610	3.64e-49	196
bbd6b723329db44753870a56d15bdbd6	gb|OR482547|Sebastes_rosaceus	100.000	106	0	0	1	106	505	610	3.64e-49	196
bbd6b723329db44753870a56d15bdbd6	gb|OP035291|Sebastes_exsul	100.000	106	0	0	1	106	505	610	3.64e-49	196
bbd6b723329db44753870a56d15bdbd6	gb|MW846223|Sebastes_norvegicus	100.000	106	0	0	1	106	505	610	3.64e-49	196
308bb50819e2748bf8af026d2cc3c458	gb|OQ557987|Pungitius_kaibarae	100.000	106	0	0	1	106	961	1066	3.64e-49	196
308bb50819e2748bf8af026d2cc3c458	gb|OQ557988|Pungitius_kaibarae	100.000	106	0	0	1	106	961	1066	3.64e-49	196
308bb50819e2748bf8af026d2cc3c458	gb|OQ557989|Pungitius_kaibarae	100.000	106	0	0	1	106	961	1066	3.64e-49	196
308bb50819e2748bf8af026d2cc3c458	gb|OQ557990|Pungitius_kaibarae	100.000	106	0	0	1	106	961	1066	3.64e-49	196
308bb50819e2748bf8af026d2cc3c458	gb|OQ557991|Pungitius_kaibarae	100.000	106	0	0	1	106	961	1066	3.64e-49	196
308bb50819e2748bf8af026d2cc3c458	gb|OQ557992|Pungitius_kaibarae	100.000	106	0	0	1	106	961	1066	3.64e-49	196
308bb50819e2748bf8af026d2cc3c458	gb|OQ557993|Pungitius_kaibarae	100.000	106	0	0	1	106	961	1066	3.64e-49	196
308bb50819e2748bf8af026d2cc3c458	gb|OQ557994|Pungitius_kaibarae	100.000	106	0	0	1	106	961	1066	3.64e-49	196
308bb50819e2748bf8af026d2cc3c458	gb|OQ557995|Pungitius_kaibarae	100.000	106	0	0	1	106	961	1066	3.64e-49	196
308bb50819e2748bf8af026d2cc3c458	gb|OQ557996|Pungitius_kaibarae	100.000	106	0	0	1	106	961	1066	3.64e-49	196
1954f3ab8bab85508db0116a22775c03	gb|AB445126|Apeltes_quadracus	100.000	101	0	0	6	106	509	609	2.19e-46	187
033531a8711295f5cf38c1111629eb77	gb|OP931023|Anguilla_anguilla	100.000	106	0	0	1	106	193	298	3.64e-49	196
033531a8711295f5cf38c1111629eb77	gb|OP931025|Anguilla_anguilla	100.000	106	0	0	1	106	193	298	3.64e-49	196
033531a8711295f5cf38c1111629eb77	gb|OP931030|Anguilla_anguilla	100.000	106	0	0	1	106	193	298	3.64e-49	196
033531a8711295f5cf38c1111629eb77	gb|OP931034|Anguilla_anguilla	100.000	106	0	0	1	106	193	298	3.64e-49	196
033531a8711295f5cf38c1111629eb77	gb|OP931035|Anguilla_anguilla	100.000	106	0	0	1	106	193	298	3.64e-49	196
033531a8711295f5cf38c1111629eb77	gb|OP931039|Anguilla_anguilla	100.000	106	0	0	1	106	193	298	3.64e-49	196
033531a8711295f5cf38c1111629eb77	gb|OP931040|Anguilla_anguilla	100.000	106	0	0	1	106	193	298	3.64e-49	196
033531a8711295f5cf38c1111629eb77	gb|OP931042|Anguilla_anguilla	100.000	106	0	0	1	106	193	298	3.64e-49	196
033531a8711295f5cf38c1111629eb77	gb|KJ564269|Anguilla_anguilla	100.000	106	0	0	1	106	507	612	3.64e-49	196
033531a8711295f5cf38c1111629eb77	gb|KJ564261|Anguilla_anguilla	100.000	106	0	0	1	106	507	612	3.64e-49	196
16d55edf1062cb60bf8a36a1da3212b5	gb|PP620807|Esox_americanus	100.000	105	0	0	1	105	198	302	1.29e-48	195
16d55edf1062cb60bf8a36a1da3212b5	gb|PP620808|Esox_niger	100.000	105	0	0	1	105	197	301	1.29e-48	195
16d55edf1062cb60bf8a36a1da3212b5	gb|MT667252|Esox_americanus_americanus	100.000	105	0	0	1	105	504	608	1.29e-48	195
16d55edf1062cb60bf8a36a1da3212b5	gb|MT667244|Esox_niger	100.000	105	0	0	1	105	504	608	1.29e-48	195
16d55edf1062cb60bf8a36a1da3212b5	gb|MT667237|Esox_americanus_vermiculatus	100.000	105	0	0	1	105	504	608	1.29e-48	195
16d55edf1062cb60bf8a36a1da3212b5	gb|AP013046|Esox_niger	100.000	105	0	0	1	105	504	608	1.29e-48	195
1b3e775bcfba124747bdf5e2c611ddc2	gb|KT723027|Ammodytes_americanus	100.000	107	0	0	1	107	504	610	1.02e-49	198
1b3e775bcfba124747bdf5e2c611ddc2	gb|KT723026|Ammodytes_dubius	100.000	107	0	0	1	107	504	610	1.02e-49	198
9f2355fd161fec0177a83045e771a239	gb|OP035108|Decapterus_punctatus	100.000	106	0	0	1	106	507	612	3.64e-49	196
f953066efe8f75b799b765ee588605ee	gb|AY484974|Pristipomoides_typus	100.000	106	0	0	2	107	32	137	3.69e-49	196
f953066efe8f75b799b765ee588605ee	gb|AY484973|Caesio_cuning	100.000	106	0	0	2	107	32	137	3.69e-49	196
e7f90ff8c7b97da66ce6d940d857e8e4	gb|AP029644|Trachurus_japonicus	100.000	106	0	0	1	106	1879	1984	3.64e-49	196
e7f90ff8c7b97da66ce6d940d857e8e4	gb|LC834787|Decapterus_macarellus	100.000	106	0	0	1	106	378	483	3.64e-49	196
e7f90ff8c7b97da66ce6d940d857e8e4	gb|PP935177|Trachurus_trachurus	100.000	106	0	0	1	106	508	613	3.64e-49	196
e7f90ff8c7b97da66ce6d940d857e8e4	gb|OP057056|Decapterus_muroadsi	100.000	106	0	0	1	106	509	614	3.64e-49	196
e7f90ff8c7b97da66ce6d940d857e8e4	gb|OP057107|Trachurus_lathami	100.000	106	0	0	1	106	12575	12470	3.64e-49	196
e7f90ff8c7b97da66ce6d940d857e8e4	gb|KM986880|Decapterus_macarellus	100.000	106	0	0	1	106	507	612	3.64e-49	196
e7f90ff8c7b97da66ce6d940d857e8e4	gb|MH377813|Trachurus_lathami	100.000	106	0	0	1	106	192	297	3.64e-49	196
e7f90ff8c7b97da66ce6d940d857e8e4	gb|MH377812|Trachurus_lathami	100.000	106	0	0	1	106	192	297	3.64e-49	196
e7f90ff8c7b97da66ce6d940d857e8e4	gb|MH377811|Trachurus_lathami	100.000	106	0	0	1	106	192	297	3.64e-49	196
e7f90ff8c7b97da66ce6d940d857e8e4	gb|AP003092|Trachurus_japonicus	100.000	106	0	0	1	106	508	613	3.64e-49	196
87fa60ad023e3c5c9d42fcfb40c8cf61	gb|EU715445|Mugil_curema	100.000	107	0	0	1	107	15	121	1.02e-49	198
87fa60ad023e3c5c9d42fcfb40c8cf61	gb|KF374981|Mugil_rubrioculus	100.000	107	0	0	1	107	447	553	1.02e-49	198
528572867f9005e7be7ffa0d83e39c41	gb|OP057094|Strongylura_marina	100.000	106	0	0	1	106	506	611	3.64e-49	196
528572867f9005e7be7ffa0d83e39c41	gb|AF231557|Strongylura_marina	100.000	106	0	0	1	106	16	121	3.64e-49	196
528572867f9005e7be7ffa0d83e39c41	gb|AF231554|Strongylura_marina	100.000	106	0	0	1	106	16	121	3.64e-49	196
528572867f9005e7be7ffa0d83e39c41	gb|AF231553|Strongylura_marina	100.000	106	0	0	1	106	16	121	3.64e-49	196
528572867f9005e7be7ffa0d83e39c41	gb|AF231552|Strongylura_marina	100.000	106	0	0	1	106	16	121	3.64e-49	196
90781ed131f662c3e5517f2b027624ba	gb|OR546193|Citharichthys_arctifrons	100.000	107	0	0	1	107	504	610	1.02e-49	198
90781ed131f662c3e5517f2b027624ba	gb|MN883204|Citharichthys_arctifrons	100.000	107	0	0	1	107	192	298	1.02e-49	198
90781ed131f662c3e5517f2b027624ba	gb|MN883203|Citharichthys_arctifrons	100.000	107	0	0	1	107	192	298	1.02e-49	198
c3fc0601758785a42422d73338a27546	gb|KM057973|Myoxocephalus_octodecemspinosus	100.000	106	0	0	1	106	364	469	3.64e-49	196
c3fc0601758785a42422d73338a27546	gb|LC823739|Artediellus_sp._HUMZ:166735	100.000	104	0	0	1	104	378	481	4.71e-48	193
c3fc0601758785a42422d73338a27546	gb|OR603891|Zesticelus_profundorum	100.000	104	0	0	1	104	440	543	4.71e-48	193
c3fc0601758785a42422d73338a27546	gb|OR482535|Blepsias_cirrhosus	100.000	104	0	0	1	104	506	609	4.71e-48	193
c3fc0601758785a42422d73338a27546	gb|OR482542|Gymnocanthus_pistilliger	100.000	104	0	0	1	104	507	610	4.71e-48	193
c3fc0601758785a42422d73338a27546	gb|OR482543|Gymnocanthus_detrisus	100.000	104	0	0	1	104	506	609	4.71e-48	193
c3fc0601758785a42422d73338a27546	gb|OR482553|Artediellus_pacificus	100.000	104	0	0	1	104	507	610	4.71e-48	193
c3fc0601758785a42422d73338a27546	gb|OL806590|Enophrys_bison	100.000	104	0	0	1	104	505	608	4.71e-48	193
c3fc0601758785a42422d73338a27546	gb|LC717523|Myoxocephalus_stelleri	100.000	104	0	0	1	104	377	480	4.71e-48	193
c3fc0601758785a42422d73338a27546	gb|MW420925|Dasycottus_setiger	100.000	104	0	0	1	104	508	611	4.71e-48	193
3b578403acdc73dd077d282c96f9541f	gb|OR546238|Ophidion_marginatum	100.000	104	0	0	1	104	511	614	4.59e-48	193
3b578403acdc73dd077d282c96f9541f	gb|MH377779|Ophidion_marginatum	100.000	104	0	0	1	104	181	284	4.59e-48	193
3b578403acdc73dd077d282c96f9541f	gb|MH377778|Ophidion_marginatum	100.000	104	0	0	1	104	197	300	4.59e-48	193
5346fdde8cbc692f0a18533cf74028ab	gb|OR581010|Sphyraena_borealis	100.000	106	0	0	1	106	509	614	3.64e-49	196
5346fdde8cbc692f0a18533cf74028ab	gb|OK172568|Sphyraena_borealis	100.000	106	0	0	1	106	441	546	3.64e-49	196
5346fdde8cbc692f0a18533cf74028ab	gb|MN883212|Sphyraena_borealis	100.000	106	0	0	1	106	194	299	3.64e-49	196
5346fdde8cbc692f0a18533cf74028ab	gb|MN883211|Sphyraena_borealis	100.000	106	0	0	1	106	194	299	3.64e-49	196
53f53ff0ca0a5c6020be92546228c06b	gb|MW630178|Fundulus_heteroclitus	100.000	104	0	0	1	104	440	543	4.65e-48	193
53f53ff0ca0a5c6020be92546228c06b	gb|KX686099|Fundulus_majalis	100.000	104	0	0	1	104	190	293	4.65e-48	193
812ed0386e2a4869a21da5634665548d	gb|OR482464|Caranx_latus	100.000	106	0	0	1	106	508	613	3.64e-49	196
812ed0386e2a4869a21da5634665548d	gb|OP035266|Caranx_hippos	100.000	106	0	0	1	106	508	613	3.64e-49	196
812ed0386e2a4869a21da5634665548d	gb|OP154146|Caranx_hippos	100.000	106	0	0	1	106	425	530	3.64e-49	196
812ed0386e2a4869a21da5634665548d	gb|MW630142|Caranx_hippos	100.000	106	0	0	1	106	427	532	3.64e-49	196
3956f5a5105c1b073bb4dfbaa8d26f5c	gb|OQ210110|Gadus_morhua	100.000	106	0	0	1	106	511	616	3.64e-49	196
2c9521bc9659f75133d08270bc0050e0	gb|PP467801|Scomberesox_saurus	100.000	106	0	0	1	106	439	334	3.64e-49	196
2c9521bc9659f75133d08270bc0050e0	gb|OR575551|Cololabis_saira	100.000	106	0	0	1	106	506	611	3.64e-49	196
2c9521bc9659f75133d08270bc0050e0	gb|OP057084|Cololabis_saira	100.000	106	0	0	1	106	506	611	3.64e-49	196
2c9521bc9659f75133d08270bc0050e0	gb|AP002932|Cololabis_saira	100.000	106	0	0	1	106	506	611	3.64e-49	196
2c9521bc9659f75133d08270bc0050e0	gb|AB188689|Cololabis_saira	100.000	101	0	0	6	106	1	101	2.19e-46	187
08bd987bd944513cc896ab3b3c3eed38	gb|OP056997|Hippoglossina_oblonga	100.000	106	0	0	1	106	507	612	3.64e-49	196
08bd987bd944513cc896ab3b3c3eed38	gb|MH377823|Hippoglossina_oblonga	100.000	106	0	0	1	106	193	298	3.64e-49	196
0437f2363acf453d6291ceda4abba683	gb|PP620798|Ameiurus_nebulosus	100.000	104	0	0	1	104	205	308	4.59e-48	193
0437f2363acf453d6291ceda4abba683	gb|OM736886|Ameiurus_nebulosus	100.000	104	0	0	1	104	7340	7443	4.59e-48	193
0437f2363acf453d6291ceda4abba683	gb|OM736888|Ameiurus_nebulosus	100.000	104	0	0	1	104	7012	7115	4.59e-48	193
0437f2363acf453d6291ceda4abba683	gb|OM736894|Ameiurus_nebulosus	100.000	104	0	0	1	104	7296	7399	4.59e-48	193
0437f2363acf453d6291ceda4abba683	gb|OM736895|Ameiurus_nebulosus	100.000	104	0	0	1	104	6984	7087	4.59e-48	193
0437f2363acf453d6291ceda4abba683	gb|OK376044|Ameiurus_nebulosus	100.000	104	0	0	1	104	516	619	4.59e-48	193
0437f2363acf453d6291ceda4abba683	gb|OL339392|Ameiurus_nebulosus	100.000	104	0	0	1	104	516	619	4.59e-48	193
0437f2363acf453d6291ceda4abba683	gb|OL457413|Ameiurus_natalis	100.000	104	0	0	1	104	516	619	4.59e-48	193
0437f2363acf453d6291ceda4abba683	gb|JX899750|Ameiurus_nebulosus	100.000	104	0	0	1	104	429	532	4.59e-48	193
0437f2363acf453d6291ceda4abba683	gb|MH918140|Ameiurus_nebulosus	100.000	104	0	0	1	104	442	545	4.59e-48	193
