10041
10058
10060
10116
1042646
107022
107026
108405
1111466
111789
1137050
119606
119637
1231344
1262610
126679
126683
1266862
1266864
1266879
1266880
1266881
126713
129043
129061
129068
13106
132586
134920
13677
137255
137882
1459852
146143
146147
147210
1480062
149088
150913
150914
1523893
1530446
1570318
157167
161586
172269
173312
173322
175273
1778380
179371
182420
183651
183653
183654
183656
183657
184215
184440
184450
184451
184585
184711
185430
1868292
189534
1903152
1908284
195611
195623
195624
195658
196075
197941
198431
202602
203314
203315
203439
2048762
208526
214916
219593
219594
219595
224707
224708
224718
225390
232977
238744
240154
240832
244449
245095
245694
2497792
2518271
255537
267980
269057
269058
270329
270331
270564
274732
27614
27689
27706
27771
27778
278165
279927
279951
283025
283027
28680
28681
28743
3001735
300318
3003817
30387
30390
30581
30640
30945
3116516
3123368
3123372
3149790
319775
328046
329431
337036
3398095
341088
34773
34774
34787
34814
34816
34861
353272
35579
36212
37011
37012
37039
372293
372791
382953
39089
39090
39110
391341
39293
39442
394691
394696
394699
394708
40210
40833
411576
41871
42892
44397
455156
46260
476914
476919
476925
481460
48164
48168
48193
48194
482916
48849
489037
492021
50365
50378
50380
50400
509921
541011
54267
56069
56726
571888
573971
59837
61378
61455
61853
630692
641117
643647
64801
64813
666865
66718
66912
68557
69293
700652
722640
75015
75832
75838
75841
75857
75861
75871
76053
76717
7936
7937
7938
7940
7950
79698
8030
8049
80640
8078
81640
8182
8235
8236
8237
8238
8240
8241
8245
8258
8260
8262
8265
83875
85097
862788
8839
8843
8845
8869
8879
8880
8887
8915
9031
9103
9160
9172
9387
94395
94948
9597
9598
9606
9612
9615
9654
9683
9685
9711
9742
9770
980323
980329
980339
980387
9823
9913
9988
