6a9c2d5770b6e78ca3450f62d67b08fc	gi|959122927|ref|NC_028530.1|	N/A	184215	100.000	106	0	0	1	106	505	610	6.34e-46	196
6a9c2d5770b6e78ca3450f62d67b08fc	gi|959122913|ref|NC_028529.1|	N/A	1266862	100.000	106	0	0	1	106	505	610	6.34e-46	196
ea364c182199815b78fc2630a9b4d6be	gi|2672419296|gb|PP302047.1|	N/A	9606	100.000	107	0	0	1	107	1093	1199	1.79e-46	198
ea364c182199815b78fc2630a9b4d6be	gi|2672142385|gb|PP273096.1|	N/A	9606	100.000	107	0	0	1	107	1085	1191	1.79e-46	198
ea364c182199815b78fc2630a9b4d6be	gi|2672142371|gb|PP273095.1|	N/A	9606	100.000	107	0	0	1	107	1087	1193	1.79e-46	198
ea364c182199815b78fc2630a9b4d6be	gi|2672142357|gb|PP273094.1|	N/A	9606	100.000	107	0	0	1	107	1086	1192	1.79e-46	198
ea364c182199815b78fc2630a9b4d6be	gi|2672142343|gb|PP273093.1|	N/A	9606	100.000	107	0	0	1	107	1087	1193	1.79e-46	198
ea364c182199815b78fc2630a9b4d6be	gi|2672142329|gb|PP273092.1|	N/A	9606	100.000	107	0	0	1	107	1086	1192	1.79e-46	198
ea364c182199815b78fc2630a9b4d6be	gi|2672142315|gb|PP273091.1|	N/A	9606	100.000	107	0	0	1	107	1083	1189	1.79e-46	198
ea364c182199815b78fc2630a9b4d6be	gi|2672142301|gb|PP273090.1|	N/A	9606	100.000	107	0	0	1	107	1089	1195	1.79e-46	198
ea364c182199815b78fc2630a9b4d6be	gi|2672142287|gb|PP273089.1|	N/A	9606	100.000	107	0	0	1	107	1084	1190	1.79e-46	198
ea364c182199815b78fc2630a9b4d6be	gi|2672142273|gb|PP273088.1|	N/A	9606	100.000	107	0	0	1	107	1084	1190	1.79e-46	198
57e83a29cfecdba4509d02c3e9d610a3	gi|1515576548|gb|MH377833.1|	N/A	79698	100.000	106	0	0	1	106	193	298	6.34e-46	196
57e83a29cfecdba4509d02c3e9d610a3	gi|2571476436|gb|OR499725.1|	N/A	79698	100.000	106	0	0	1	106	1461	1566	6.34e-46	196
30a623f128fb722f5fc16dbb86582d53	gi|1799624616|gb|MN122931.1|	N/A	7950	100.000	106	0	0	1	106	508	613	6.34e-46	196
30a623f128fb722f5fc16dbb86582d53	gi|1799624602|gb|MN122923.1|	N/A	196075	100.000	106	0	0	1	106	509	614	6.34e-46	196
30a623f128fb722f5fc16dbb86582d53	gi|1785468125|gb|MN844083.1|	N/A	196075	100.000	106	0	0	1	106	20	125	6.34e-46	196
30a623f128fb722f5fc16dbb86582d53	gi|1785468124|gb|MN844082.1|	N/A	7950	100.000	106	0	0	1	106	20	125	6.34e-46	196
30a623f128fb722f5fc16dbb86582d53	gi|2578658393|emb|OY735306.1|	N/A	196075	100.000	106	0	0	1	106	509	614	6.34e-46	196
30a623f128fb722f5fc16dbb86582d53	gi|2018537050|gb|MW818211.1|	N/A	7950	100.000	106	0	0	1	106	439	544	6.34e-46	196
30a623f128fb722f5fc16dbb86582d53	gi|2018537049|gb|MW818210.1|	N/A	7950	100.000	106	0	0	1	106	439	544	6.34e-46	196
30a623f128fb722f5fc16dbb86582d53	gi|426260619|gb|KC193777.1|	N/A	7950	100.000	106	0	0	1	106	508	613	6.34e-46	196
30a623f128fb722f5fc16dbb86582d53	gi|1861284495|gb|MN539968.1|	N/A	7950	100.000	106	0	0	1	106	1	106	6.34e-46	196
30a623f128fb722f5fc16dbb86582d53	gi|1861284476|gb|MN539949.1|	N/A	196075	100.000	106	0	0	1	106	1	106	6.34e-46	196
9e985443e4cd6cdec8bd0d1d325c53d9	gi|1825511901|gb|MT103927.1|	N/A	183657	100.000	107	0	0	1	107	256	362	1.79e-46	198
9e985443e4cd6cdec8bd0d1d325c53d9	gi|2580315213|gb|OR582684.1|	N/A	630692	100.000	107	0	0	1	107	505	611	1.79e-46	198
9e985443e4cd6cdec8bd0d1d325c53d9	gi|2580283387|gb|OP057106.2|	N/A	183656	100.000	107	0	0	1	107	507	613	1.79e-46	198
9e985443e4cd6cdec8bd0d1d325c53d9	gi|227463873|gb|FJ215093.1|	N/A	183656	100.000	107	0	0	1	107	156	262	1.79e-46	198
9e985443e4cd6cdec8bd0d1d325c53d9	gi|227463872|gb|FJ215092.1|	N/A	183657	100.000	107	0	0	1	107	156	262	1.79e-46	198
9e985443e4cd6cdec8bd0d1d325c53d9	gi|227463871|gb|FJ215091.1|	N/A	630692	100.000	107	0	0	1	107	155	261	1.79e-46	198
df263dae379496c7e522db8a7dbc01c9	gi|1799624491|gb|MN122853.1|	N/A	13677	100.000	107	0	0	1	107	507	613	1.79e-46	198
df263dae379496c7e522db8a7dbc01c9	gi|1785468160|gb|MN844118.1|	N/A	13677	100.000	107	0	0	1	107	20	126	1.79e-46	198
df263dae379496c7e522db8a7dbc01c9	gi|114217277|dbj|AB241438.1|	N/A	13677	100.000	107	0	0	1	107	3	109	1.79e-46	198
df263dae379496c7e522db8a7dbc01c9	gi|55376093|ref|NC_006398.1|	N/A	13677	100.000	107	0	0	1	107	507	613	1.79e-46	198
df263dae379496c7e522db8a7dbc01c9	gi|4494770|gb|AF055594.1|AF055594	N/A	13677	100.000	107	0	0	1	107	461	567	1.79e-46	198
1186c621e048e637a49024762b3750e7	gi|2616782199|emb|OY755015.1|	N/A	27771	100.000	106	0	0	1	106	506	611	6.34e-46	196
1186c621e048e637a49024762b3750e7	gi|2571476604|gb|OR499737.1|	N/A	195617	100.000	106	0	0	1	106	506	611	6.34e-46	196
1186c621e048e637a49024762b3750e7	gi|2571476520|gb|OR499731.1|	N/A	641111	100.000	106	0	0	1	106	506	611	6.34e-46	196
1186c621e048e637a49024762b3750e7	gi|2569353389|gb|OR482580.1|	N/A	172659	100.000	106	0	0	1	106	506	611	6.34e-46	196
1186c621e048e637a49024762b3750e7	gi|2587926887|ref|NC_082812.1|	N/A	433389	100.000	106	0	0	1	106	506	611	6.34e-46	196
1186c621e048e637a49024762b3750e7	gi|2587926803|ref|NC_082806.1|	N/A	195639	100.000	106	0	0	1	106	506	611	6.34e-46	196
1186c621e048e637a49024762b3750e7	gi|2587926480|ref|NC_082783.1|	N/A	1402070	100.000	106	0	0	1	106	506	611	6.34e-46	196
1186c621e048e637a49024762b3750e7	gi|2587926298|ref|NC_082770.1|	N/A	641108	100.000	106	0	0	1	106	506	611	6.34e-46	196
1186c621e048e637a49024762b3750e7	gi|2587926270|ref|NC_082768.1|	N/A	641109	100.000	106	0	0	1	106	506	611	6.34e-46	196
1186c621e048e637a49024762b3750e7	gi|2587926088|ref|NC_082755.1|	N/A	195623	100.000	106	0	0	1	106	506	611	6.34e-46	196
c030ecad0cd0504068af5f150dc7b103	gi|2582032125|gb|OR603891.1|	N/A	740938	100.000	106	0	0	1	106	440	545	6.34e-46	196
c030ecad0cd0504068af5f150dc7b103	gi|2587926677|ref|NC_082797.1|	N/A	2996727	100.000	106	0	0	1	106	507	612	6.34e-46	196
c030ecad0cd0504068af5f150dc7b103	gi|2587926536|ref|NC_082787.1|	N/A	255553	100.000	106	0	0	1	106	506	611	6.34e-46	196
c030ecad0cd0504068af5f150dc7b103	gi|2587926522|ref|NC_082786.1|	N/A	1176151	100.000	106	0	0	1	106	507	612	6.34e-46	196
c030ecad0cd0504068af5f150dc7b103	gi|2587926438|ref|NC_082780.1|	N/A	573213	100.000	106	0	0	1	106	506	611	6.34e-46	196
c030ecad0cd0504068af5f150dc7b103	gi|2314981980|ref|NC_066929.1|	N/A	320617	100.000	106	0	0	1	106	505	610	6.34e-46	196
c030ecad0cd0504068af5f150dc7b103	gi|2264236692|dbj|LC717523.1|	N/A	239743	100.000	106	0	0	1	106	377	482	6.34e-46	196
c030ecad0cd0504068af5f150dc7b103	gi|2186300505|dbj|LC677339.1|	N/A	476918	100.000	106	0	0	1	106	377	482	6.34e-46	196
c030ecad0cd0504068af5f150dc7b103	gi|2183321081|dbj|LC672512.1|	N/A	980339	100.000	106	0	0	1	106	377	482	6.34e-46	196
c030ecad0cd0504068af5f150dc7b103	gi|2183321079|dbj|LC672510.1|	N/A	239743	100.000	106	0	0	1	106	377	482	6.34e-46	196
8a63d772aa851473fb3224da1539870b	gi|2095925523|gb|OK172578.1|	N/A	34787	100.000	106	0	0	1	106	438	543	6.34e-46	196
8a63d772aa851473fb3224da1539870b	gi|2030285394|gb|MW630161.1|	N/A	34787	100.000	106	0	0	1	106	438	543	6.34e-46	196
8a63d772aa851473fb3224da1539870b	gi|33569528|gb|AY279649.1|	N/A	34787	100.000	106	0	0	1	106	440	545	6.34e-46	196
bcbd43d985c17b122ecef7c3c46ae4d1	gi|2700651514|gb|PP032998.1|	N/A	75034	100.000	108	0	0	1	108	514	621	5.04e-47	200
bcbd43d985c17b122ecef7c3c46ae4d1	gi|546144441|ref|NC_022507.1|	N/A	75034	100.000	108	0	0	1	108	514	621	5.04e-47	200
bcbd43d985c17b122ecef7c3c46ae4d1	gi|227462452|gb|FJ374791.1|	N/A	75034	100.000	108	0	0	1	108	445	552	5.04e-47	200
bcbd43d985c17b122ecef7c3c46ae4d1	gi|4494767|gb|AF055591.1|AF055591	N/A	75034	100.000	108	0	0	1	108	468	575	5.04e-47	200
3c506a1e3e37182931687be18414a6a3	gi|2647227870|emb|OY997226.1|	N/A	9823	100.000	106	0	0	1	106	1663	1768	6.34e-46	196
3c506a1e3e37182931687be18414a6a3	gi|2566847245|gb|OR397962.1|	N/A	9823	100.000	106	0	0	1	106	509	614	6.34e-46	196
3c506a1e3e37182931687be18414a6a3	gi|2566847231|gb|OR397961.1|	N/A	9823	100.000	106	0	0	1	106	509	614	6.34e-46	196
3c506a1e3e37182931687be18414a6a3	gi|2563111928|gb|OR268693.1|	N/A	9823	100.000	106	0	0	1	106	509	614	6.34e-46	196
3c506a1e3e37182931687be18414a6a3	gi|2563111914|gb|OR268692.1|	N/A	9823	100.000	106	0	0	1	106	509	614	6.34e-46	196
3c506a1e3e37182931687be18414a6a3	gi|2561340873|gb|OR260477.1|	N/A	9823	100.000	106	0	0	1	106	509	614	6.34e-46	196
3c506a1e3e37182931687be18414a6a3	gi|2561340859|gb|OR260476.1|	N/A	9823	100.000	106	0	0	1	106	509	614	6.34e-46	196
3c506a1e3e37182931687be18414a6a3	gi|2561340430|gb|OR255999.1|	N/A	9823	100.000	106	0	0	1	106	508	613	6.34e-46	196
3c506a1e3e37182931687be18414a6a3	gi|2519026283|pdb|8OIN|AA	N/A	9823	100.000	106	0	0	1	106	437	542	6.34e-46	196
3c506a1e3e37182931687be18414a6a3	gi|2512647706|gb|OQ689020.1|	N/A	9823	100.000	106	0	0	1	106	15808	15703	6.34e-46	196
0c345c9a2aa92abab556aa04441cf718	gi|1129799464|gb|KX686086.1|	N/A	224708	100.000	106	0	0	1	106	195	300	6.34e-46	196
0c345c9a2aa92abab556aa04441cf718	gi|2329468251|gb|OP057013.1|	N/A	224707	100.000	106	0	0	1	106	506	611	6.34e-46	196
0c345c9a2aa92abab556aa04441cf718	gi|299823704|ref|NC_014266.1|	N/A	224708	100.000	106	0	0	1	106	506	611	6.34e-46	196
0c345c9a2aa92abab556aa04441cf718	gi|117671435|gb|DQ912034.1|	N/A	224708	100.000	106	0	0	1	106	159	264	6.34e-46	196
69ac299d9ecf9485bf58d60edab1cbcb	gi|2663409612|emb|OZ004779.1|	N/A	9742	100.000	106	0	0	1	106	509	614	6.34e-46	196
69ac299d9ecf9485bf58d60edab1cbcb	gi|2663409607|emb|OZ004775.1|	N/A	9742	100.000	106	0	0	1	106	29439166	29439271	6.34e-46	196
69ac299d9ecf9485bf58d60edab1cbcb	gi|2154999131|gb|MZ772972.1|	N/A	27614	100.000	106	0	0	1	106	509	614	6.34e-46	196
69ac299d9ecf9485bf58d60edab1cbcb	gi|2154999117|gb|MZ772971.1|	N/A	27614	100.000	106	0	0	1	106	509	614	6.34e-46	196
69ac299d9ecf9485bf58d60edab1cbcb	gi|2154999103|gb|MZ772970.1|	N/A	27614	100.000	106	0	0	1	106	509	614	6.34e-46	196
69ac299d9ecf9485bf58d60edab1cbcb	gi|2154999089|gb|MZ772969.1|	N/A	42100	100.000	106	0	0	1	106	509	614	6.34e-46	196
69ac299d9ecf9485bf58d60edab1cbcb	gi|2154999075|gb|MZ772968.1|	N/A	42100	100.000	106	0	0	1	106	509	614	6.34e-46	196
69ac299d9ecf9485bf58d60edab1cbcb	gi|2154999061|gb|MZ772967.1|	N/A	42100	100.000	106	0	0	1	106	509	614	6.34e-46	196
69ac299d9ecf9485bf58d60edab1cbcb	gi|2154999047|gb|MZ772966.1|	N/A	42100	100.000	106	0	0	1	106	509	614	6.34e-46	196
69ac299d9ecf9485bf58d60edab1cbcb	gi|2227918468|gb|MT874476.1|	N/A	9742	100.000	106	0	0	1	106	509	614	6.34e-46	196
97d4b89e17101a66cdcb62d3be1ef5d0	gi|2621546769|dbj|LC762520.1|	N/A	9615	100.000	106	0	0	1	106	506	611	6.34e-46	196
97d4b89e17101a66cdcb62d3be1ef5d0	gi|2621546759|dbj|LC762519.1|	N/A	9615	100.000	106	0	0	1	106	506	611	6.34e-46	196
97d4b89e17101a66cdcb62d3be1ef5d0	gi|2621546751|dbj|LC762518.1|	N/A	9615	100.000	106	0	0	1	106	506	611	6.34e-46	196
97d4b89e17101a66cdcb62d3be1ef5d0	gi|2621546735|dbj|LC762517.1|	N/A	9615	100.000	106	0	0	1	106	506	611	6.34e-46	196
97d4b89e17101a66cdcb62d3be1ef5d0	gi|2621546725|dbj|LC762516.1|	N/A	9615	100.000	106	0	0	1	106	506	611	6.34e-46	196
97d4b89e17101a66cdcb62d3be1ef5d0	gi|2621546714|dbj|LC762515.1|	N/A	9615	100.000	106	0	0	1	106	506	611	6.34e-46	196
97d4b89e17101a66cdcb62d3be1ef5d0	gi|2621546707|dbj|LC762514.1|	N/A	9615	100.000	106	0	0	1	106	506	611	6.34e-46	196
97d4b89e17101a66cdcb62d3be1ef5d0	gi|2621546698|dbj|LC762513.1|	N/A	9615	100.000	106	0	0	1	106	505	610	6.34e-46	196
97d4b89e17101a66cdcb62d3be1ef5d0	gi|2621546690|dbj|LC762512.1|	N/A	9615	100.000	106	0	0	1	106	506	611	6.34e-46	196
97d4b89e17101a66cdcb62d3be1ef5d0	gi|2621546688|dbj|LC762511.1|	N/A	9615	100.000	106	0	0	1	106	502	607	6.34e-46	196
7784629e98867bebee16c26e04632027	gi|12214278|emb|AL158819.14|	N/A	9606	100.000	107	0	0	1	107	4550	4444	1.79e-46	198
c9bb5d5fc530c1dca2f73a53bb77141c	gi|2456436690|gb|OQ210177.1|	N/A	8049	100.000	106	0	0	1	106	511	616	6.34e-46	196
c9bb5d5fc530c1dca2f73a53bb77141c	gi|2456436676|gb|OQ210176.1|	N/A	8049	100.000	106	0	0	1	106	511	616	6.34e-46	196
c9bb5d5fc530c1dca2f73a53bb77141c	gi|2456436662|gb|OQ210175.1|	N/A	8049	100.000	106	0	0	1	106	511	616	6.34e-46	196
c9bb5d5fc530c1dca2f73a53bb77141c	gi|2456436648|gb|OQ210174.1|	N/A	8049	100.000	106	0	0	1	106	511	616	6.34e-46	196
c9bb5d5fc530c1dca2f73a53bb77141c	gi|2456436634|gb|OQ210173.1|	N/A	8049	100.000	106	0	0	1	106	511	616	6.34e-46	196
c9bb5d5fc530c1dca2f73a53bb77141c	gi|2456436620|gb|OQ210172.1|	N/A	8049	100.000	106	0	0	1	106	511	616	6.34e-46	196
c9bb5d5fc530c1dca2f73a53bb77141c	gi|2456436606|gb|OQ210171.1|	N/A	8049	100.000	106	0	0	1	106	511	616	6.34e-46	196
c9bb5d5fc530c1dca2f73a53bb77141c	gi|2456436592|gb|OQ210170.1|	N/A	8049	100.000	106	0	0	1	106	511	616	6.34e-46	196
c9bb5d5fc530c1dca2f73a53bb77141c	gi|2456436578|gb|OQ210169.1|	N/A	8049	100.000	106	0	0	1	106	512	617	6.34e-46	196
c9bb5d5fc530c1dca2f73a53bb77141c	gi|2456436564|gb|OQ210168.1|	N/A	8049	100.000	106	0	0	1	106	511	616	6.34e-46	196
e7240a28d05a52722a7570029c9a880b	gi|1690489555|gb|MK280465.1|	N/A	9606	100.000	107	0	0	1	107	15	121	1.79e-46	198
e7240a28d05a52722a7570029c9a880b	gi|1781324096|gb|MN298197.1|	N/A	9606	100.000	107	0	0	1	107	235	129	1.79e-46	198
e7240a28d05a52722a7570029c9a880b	gi|1781322931|gb|MN297032.1|	N/A	9606	100.000	107	0	0	1	107	856	750	1.79e-46	198
e7240a28d05a52722a7570029c9a880b	gi|1543384086|ref|NG_016607.2|	N/A	9606	100.000	107	0	0	1	107	2157	2051	1.79e-46	198
e7240a28d05a52722a7570029c9a880b	gi|1043092467|gb|KU308548.1|	N/A	37012	100.000	107	0	0	1	107	509	615	1.79e-46	198
e7240a28d05a52722a7570029c9a880b	gi|1043092453|gb|KU308547.1|	N/A	37012	100.000	107	0	0	1	107	515	621	1.79e-46	198
e7240a28d05a52722a7570029c9a880b	gi|1043092439|gb|KU308546.1|	N/A	37012	100.000	107	0	0	1	107	509	615	1.79e-46	198
e7240a28d05a52722a7570029c9a880b	gi|1043092425|gb|KU308545.1|	N/A	37012	100.000	107	0	0	1	107	509	615	1.79e-46	198
e7240a28d05a52722a7570029c9a880b	gi|1043092411|gb|KU308544.1|	N/A	37012	100.000	107	0	0	1	107	512	618	1.79e-46	198
e7240a28d05a52722a7570029c9a880b	gi|2209200980|gb|MW803833.1|	N/A	9606	100.000	107	0	0	1	107	277	171	1.79e-46	198
8961e2d14d8b0510763256de80a000a2	gi|2370815366|gb|OP931011.1|	N/A	1482977	100.000	106	0	0	1	106	195	300	6.34e-46	196
8961e2d14d8b0510763256de80a000a2	gi|2370815365|gb|OP931010.1|	N/A	1482977	100.000	106	0	0	1	106	195	300	6.34e-46	196
8961e2d14d8b0510763256de80a000a2	gi|2591501437|gb|OR552018.1|	N/A	411573	100.000	106	0	0	1	106	318	423	6.34e-46	196
8961e2d14d8b0510763256de80a000a2	gi|2329468243|gb|OP057005.1|	N/A	329022	100.000	106	0	0	1	106	506	611	6.34e-46	196
8961e2d14d8b0510763256de80a000a2	gi|2514521491|gb|OR094922.1|	N/A	34774	100.000	106	0	0	1	106	428	533	6.34e-46	196
8961e2d14d8b0510763256de80a000a2	gi|2514521488|gb|OR094921.1|	N/A	34774	100.000	106	0	0	1	106	435	540	6.34e-46	196
8961e2d14d8b0510763256de80a000a2	gi|2514521486|gb|OR094920.1|	N/A	34774	100.000	106	0	0	1	106	427	532	6.34e-46	196
8961e2d14d8b0510763256de80a000a2	gi|2514521484|gb|OR094919.1|	N/A	34774	100.000	106	0	0	1	106	433	538	6.34e-46	196
8961e2d14d8b0510763256de80a000a2	gi|2514521482|gb|OR094918.1|	N/A	34774	100.000	106	0	0	1	106	437	542	6.34e-46	196
8961e2d14d8b0510763256de80a000a2	gi|2514521479|gb|OR094917.1|	N/A	34774	100.000	106	0	0	1	106	325	430	6.34e-46	196
0c1953958636362ca2347e398eb8c36c	gi|1743195474|ref|XR_004027927.1|	N/A	61853	100.000	107	0	0	1	107	98	204	1.79e-46	198
0c1953958636362ca2347e398eb8c36c	gi|295808886|emb|FN673842.1|	N/A	9606	100.000	107	0	0	1	107	190	84	1.79e-46	198
0c1953958636362ca2347e398eb8c36c	gi|9858445|gb|AC062033.2|	N/A	9606	100.000	107	0	0	1	107	20936	21042	1.79e-46	198
9c8a7b893d0fdaf8c1c89606cfce1c08	gi|2329468151|gb|OP056913.1|	N/A	81640	100.000	106	0	0	1	106	504	609	6.34e-46	196
9c8a7b893d0fdaf8c1c89606cfce1c08	gi|227463805|gb|FJ215025.1|	N/A	81640	100.000	106	0	0	1	106	155	260	6.34e-46	196
4c5905c5ab539613d9c3069d0ae54188	gi|2698116971|gb|OQ924187.1|	N/A	9913	100.000	107	0	0	1	107	863	969	1.79e-46	198
4c5905c5ab539613d9c3069d0ae54188	gi|2698116957|gb|OQ924186.1|	N/A	9913	100.000	107	0	0	1	107	863	969	1.79e-46	198
4c5905c5ab539613d9c3069d0ae54188	gi|2698116943|gb|OQ924185.1|	N/A	9913	100.000	107	0	0	1	107	863	969	1.79e-46	198
4c5905c5ab539613d9c3069d0ae54188	gi|2698116929|gb|OQ924184.1|	N/A	9913	100.000	107	0	0	1	107	863	969	1.79e-46	198
4c5905c5ab539613d9c3069d0ae54188	gi|2698116887|gb|OQ924181.1|	N/A	9913	100.000	107	0	0	1	107	863	969	1.79e-46	198
4c5905c5ab539613d9c3069d0ae54188	gi|2689264428|gb|OR639848.1|	N/A	9915	100.000	107	0	0	1	107	13494	13600	1.79e-46	198
4c5905c5ab539613d9c3069d0ae54188	gi|2656632396|gb|PP155642.1|	N/A	9913	100.000	107	0	0	1	107	864	970	1.79e-46	198
4c5905c5ab539613d9c3069d0ae54188	gi|2647229902|emb|OY997260.1|	N/A	9913	100.000	107	0	0	1	107	3511	3617	1.79e-46	198
4c5905c5ab539613d9c3069d0ae54188	gi|2644582918|gb|OQ160855.1|	N/A	9909	100.000	107	0	0	1	107	863	969	1.79e-46	198
4c5905c5ab539613d9c3069d0ae54188	gi|2644582890|gb|OQ160853.1|	N/A	9913	100.000	107	0	0	1	107	863	969	1.79e-46	198
e96de42c086d6324a58fd41062bc7f6f	gi|2616760359|gb|OR699445.1|	N/A	9103	100.000	107	0	0	1	107	521	627	1.79e-46	198
e96de42c086d6324a58fd41062bc7f6f	gi|2616760345|gb|OR699444.1|	N/A	9103	100.000	107	0	0	1	107	521	627	1.79e-46	198
e96de42c086d6324a58fd41062bc7f6f	gi|2616760331|gb|OR699443.1|	N/A	9103	100.000	107	0	0	1	107	521	627	1.79e-46	198
e96de42c086d6324a58fd41062bc7f6f	gi|2616760317|gb|OR699442.1|	N/A	9103	100.000	107	0	0	1	107	521	627	1.79e-46	198
e96de42c086d6324a58fd41062bc7f6f	gi|2616760303|gb|OR699441.1|	N/A	9103	100.000	107	0	0	1	107	521	627	1.79e-46	198
e96de42c086d6324a58fd41062bc7f6f	gi|2616760289|gb|OR699440.1|	N/A	9103	100.000	107	0	0	1	107	521	627	1.79e-46	198
e96de42c086d6324a58fd41062bc7f6f	gi|2616760275|gb|OR699439.1|	N/A	9103	100.000	107	0	0	1	107	521	627	1.79e-46	198
e96de42c086d6324a58fd41062bc7f6f	gi|2616760261|gb|OR699438.1|	N/A	9103	100.000	107	0	0	1	107	521	627	1.79e-46	198
e96de42c086d6324a58fd41062bc7f6f	gi|2616760247|gb|OR699437.1|	N/A	9103	100.000	107	0	0	1	107	521	627	1.79e-46	198
e96de42c086d6324a58fd41062bc7f6f	gi|2616760233|gb|OR699436.1|	N/A	9103	100.000	107	0	0	1	107	521	627	1.79e-46	198
b98d245c042075fa94c4a01ffd4f9db8	gi|1139379228|dbj|AP012947.1|	N/A	1262610	100.000	106	0	0	1	106	506	611	6.34e-46	196
b98d245c042075fa94c4a01ffd4f9db8	gi|1129799454|gb|KX686076.1|	N/A	183653	100.000	106	0	0	1	106	189	294	6.34e-46	196
b98d245c042075fa94c4a01ffd4f9db8	gi|2580315199|gb|OR582683.1|	N/A	183653	100.000	106	0	0	1	106	316	421	6.34e-46	196
b98d245c042075fa94c4a01ffd4f9db8	gi|2580277553|gb|OP056924.2|	N/A	1262610	100.000	106	0	0	1	106	506	611	6.34e-46	196
b98d245c042075fa94c4a01ffd4f9db8	gi|2529339114|gb|OR224436.1|	N/A	1262610	100.000	106	0	0	1	106	269	374	6.34e-46	196
b98d245c042075fa94c4a01ffd4f9db8	gi|2529339112|gb|OR224435.1|	N/A	1262610	100.000	106	0	0	1	106	269	374	6.34e-46	196
4425aca95636d946b21e51dbd597dcea	gi|2672141727|gb|PP273049.1|	N/A	9606	100.000	107	0	0	1	107	1088	1194	1.79e-46	198
4425aca95636d946b21e51dbd597dcea	gi|2672141713|gb|PP273048.1|	N/A	9606	100.000	107	0	0	1	107	1086	1192	1.79e-46	198
4425aca95636d946b21e51dbd597dcea	gi|2500264517|gb|OQ731989.1|	N/A	9606	100.000	107	0	0	1	107	1087	1193	1.79e-46	198
4425aca95636d946b21e51dbd597dcea	gi|2500264503|gb|OQ731988.1|	N/A	9606	100.000	107	0	0	1	107	1087	1193	1.79e-46	198
4425aca95636d946b21e51dbd597dcea	gi|2500264335|gb|OQ731976.1|	N/A	9606	100.000	107	0	0	1	107	1087	1193	1.79e-46	198
4425aca95636d946b21e51dbd597dcea	gi|2500264321|gb|OQ731975.1|	N/A	9606	100.000	107	0	0	1	107	1087	1193	1.79e-46	198
4425aca95636d946b21e51dbd597dcea	gi|2500264293|gb|OQ731973.1|	N/A	9606	100.000	107	0	0	1	107	1089	1195	1.79e-46	198
4425aca95636d946b21e51dbd597dcea	gi|2483493671|gb|OQ707183.1|	N/A	9606	100.000	107	0	0	1	107	1086	1192	1.79e-46	198
4425aca95636d946b21e51dbd597dcea	gi|2483493235|gb|OQ707155.1|	N/A	9606	100.000	107	0	0	1	107	1087	1193	1.79e-46	198
4425aca95636d946b21e51dbd597dcea	gi|2444160019|gb|OP620844.1|	N/A	9606	100.000	107	0	0	1	107	1086	1192	1.79e-46	198
0af1b78539821a4e5d01d9e3f0a4431d	gi|1358104137|gb|MF409246.1|	N/A	9773	100.000	106	0	0	1	106	514	619	6.34e-46	196
0af1b78539821a4e5d01d9e3f0a4431d	gi|62184326|ref|NC_006927.1|	N/A	9773	100.000	106	0	0	1	106	514	619	6.34e-46	196
0af1b78539821a4e5d01d9e3f0a4431d	gi|12700648|gb|AY012141.1|	N/A	9773	100.000	106	0	0	1	106	437	542	6.34e-46	196
099613aedb46ca6353dd3f34ae2daec4	gi|15638907|gb|AC024248.7|	N/A	9606	100.000	107	0	0	1	107	61485	61591	1.79e-46	198
328c47e95c8b6a4e6e3c7a3700045d71	gi|295809454|emb|FN674005.1|	N/A	9606	100.000	109	0	0	1	109	532	640	1.42e-47	202
328c47e95c8b6a4e6e3c7a3700045d71	gi|114841167|ref|NG_001337.2|	N/A	9606	100.000	109	0	0	1	109	50661	50769	1.42e-47	202
328c47e95c8b6a4e6e3c7a3700045d71	gi|2564750|gb|AF029308.1|HTCRBCHR9	N/A	9606	100.000	109	0	0	1	109	50706	50814	1.42e-47	202
328c47e95c8b6a4e6e3c7a3700045d71	gi|14547259|emb|AL356489.14|	N/A	9606	100.000	109	0	0	1	109	2061	2169	1.42e-47	202
7950b1078efc076defba9c936b970ef7	gi|1548994291|gb|CP034495.1|	N/A	111789	100.000	107	0	0	1	107	19502377	19502483	1.79e-46	198
7950b1078efc076defba9c936b970ef7	gi|2634424567|gb|CP139526.1|	N/A	9606	100.000	107	0	0	1	107	19392915	19393021	1.79e-46	198
7950b1078efc076defba9c936b970ef7	gi|2033714910|gb|CP068261.2|	N/A	9606	100.000	107	0	0	1	107	19547217	19547323	1.79e-46	198
7950b1078efc076defba9c936b970ef7	gi|1909942458|dbj|AP023477.1|	N/A	9606	100.000	107	0	0	1	107	19778918	19779024	1.79e-46	198
7950b1078efc076defba9c936b970ef7	gi|20800363|gb|AC025627.13|	N/A	9606	100.000	107	0	0	1	107	128233	128339	1.79e-46	198
7950b1078efc076defba9c936b970ef7	gi|2634358191|gb|CP139549.1|	N/A	9606	100.000	106	0	0	2	107	19559427	19559532	6.42e-46	196
14f5a1d4993cbbaac9426a2ccb964d26	gi|1515576491|gb|MH377776.1|	N/A	8073	100.000	106	0	0	1	106	192	297	6.34e-46	196
14f5a1d4993cbbaac9426a2ccb964d26	gi|2569352339|gb|OR482505.1|	N/A	8073	100.000	106	0	0	1	106	511	616	6.34e-46	196
14f5a1d4993cbbaac9426a2ccb964d26	gi|2569352297|gb|OR482502.1|	N/A	3071817	100.000	106	0	0	1	106	511	616	6.34e-46	196
14f5a1d4993cbbaac9426a2ccb964d26	gi|2569352269|gb|OR482500.1|	N/A	8073	100.000	106	0	0	1	106	511	616	6.34e-46	196
14f5a1d4993cbbaac9426a2ccb964d26	gi|2569351975|gb|OR482479.1|	N/A	8073	100.000	106	0	0	1	106	511	616	6.34e-46	196
14f5a1d4993cbbaac9426a2ccb964d26	gi|56684215|gb|AY700233.1|	N/A	8073	100.000	106	0	0	1	106	441	546	6.34e-46	196
14f5a1d4993cbbaac9426a2ccb964d26	gi|25057142|ref|NC_004380.1|	N/A	8073	100.000	106	0	0	1	106	511	616	6.34e-46	196
c29b9fc8c224b8543b9d6b76a84da589	gi|1798174145|gb|MN122861.1|	N/A	8058	100.000	106	0	0	1	106	511	616	6.34e-46	196
c29b9fc8c224b8543b9d6b76a84da589	gi|1785468168|gb|MN844126.1|	N/A	185739	100.000	106	0	0	1	106	20	125	6.34e-46	196
c29b9fc8c224b8543b9d6b76a84da589	gi|1785468147|gb|MN844105.1|	N/A	8060	100.000	106	0	0	1	106	21	126	6.34e-46	196
c29b9fc8c224b8543b9d6b76a84da589	gi|1785468123|gb|MN844081.1|	N/A	8058	100.000	106	0	0	1	106	20	125	6.34e-46	196
c29b9fc8c224b8543b9d6b76a84da589	gi|821091567|gb|KP644353.1|	N/A	8058	100.000	106	0	0	1	106	195	300	6.34e-46	196
c29b9fc8c224b8543b9d6b76a84da589	gi|821091566|gb|KP644352.1|	N/A	185739	100.000	106	0	0	1	106	199	304	6.34e-46	196
c29b9fc8c224b8543b9d6b76a84da589	gi|821091565|gb|KP644351.1|	N/A	185739	100.000	106	0	0	1	106	199	304	6.34e-46	196
c29b9fc8c224b8543b9d6b76a84da589	gi|821091564|gb|KP644350.1|	N/A	8060	100.000	106	0	0	1	106	173	278	6.34e-46	196
c29b9fc8c224b8543b9d6b76a84da589	gi|2018537044|gb|MW818205.1|	N/A	8058	100.000	106	0	0	1	106	443	548	6.34e-46	196
c29b9fc8c224b8543b9d6b76a84da589	gi|2018537043|gb|MW818204.1|	N/A	8058	100.000	106	0	0	1	106	443	548	6.34e-46	196
de8339905c2655847248b3084379b474	gi|1129799462|gb|KX686084.1|	N/A	224708	100.000	106	0	0	1	106	195	300	6.34e-46	196
de8339905c2655847248b3084379b474	gi|2282237323|gb|OP154163.1|	N/A	224707	100.000	106	0	0	1	106	438	543	6.34e-46	196
fe4a925833d96a18c2fdeac0dd07904e	gi|1825511885|gb|MT103914.1|	N/A	34817	100.000	106	0	0	1	106	281	386	6.34e-46	196
fe4a925833d96a18c2fdeac0dd07904e	gi|1799624449|gb|MN122825.1|	N/A	34817	100.000	106	0	0	1	106	506	611	6.34e-46	196
fe4a925833d96a18c2fdeac0dd07904e	gi|1102318208|gb|KX929898.1|	N/A	34817	100.000	106	0	0	1	106	125	230	6.34e-46	196
fe4a925833d96a18c2fdeac0dd07904e	gi|22532238|gb|AF488478.1|	N/A	8265	100.000	106	0	0	1	106	438	543	6.34e-46	196
fe4a925833d96a18c2fdeac0dd07904e	gi|22532237|gb|AF488477.1|	N/A	34817	100.000	106	0	0	1	106	438	543	6.34e-46	196
bde979d734b23087eb29210f5b1a5b08	gi|1878254304|gb|MT410935.1|	N/A	9767	100.000	107	0	0	1	107	517	623	1.79e-46	198
bde979d734b23087eb29210f5b1a5b08	gi|62086594|dbj|AP006468.1|	N/A	9767	100.000	107	0	0	1	107	517	623	1.79e-46	198
bde979d734b23087eb29210f5b1a5b08	gi|38707492|ref|NC_005271.1|	N/A	9767	100.000	107	0	0	1	107	517	623	1.79e-46	198
bde979d734b23087eb29210f5b1a5b08	gi|54873435|gb|AY770533.1|	N/A	9767	100.000	105	0	0	3	107	427	323	2.31e-45	195
c3fc0601758785a42422d73338a27546	gi|669175226|gb|KM057973.1|	N/A	68557	100.000	106	0	0	1	106	364	469	6.34e-46	196
c3fc0601758785a42422d73338a27546	gi|2582032125|gb|OR603891.1|	N/A	740938	100.000	104	0	0	1	104	440	543	8.20e-45	193
c3fc0601758785a42422d73338a27546	gi|2587926677|ref|NC_082797.1|	N/A	2996727	100.000	104	0	0	1	104	507	610	8.20e-45	193
c3fc0601758785a42422d73338a27546	gi|2587926536|ref|NC_082787.1|	N/A	255553	100.000	104	0	0	1	104	506	609	8.20e-45	193
c3fc0601758785a42422d73338a27546	gi|2587926522|ref|NC_082786.1|	N/A	1176151	100.000	104	0	0	1	104	507	610	8.20e-45	193
c3fc0601758785a42422d73338a27546	gi|2587926438|ref|NC_082780.1|	N/A	573213	100.000	104	0	0	1	104	506	609	8.20e-45	193
c3fc0601758785a42422d73338a27546	gi|2314981980|ref|NC_066929.1|	N/A	320617	100.000	104	0	0	1	104	505	608	8.20e-45	193
c3fc0601758785a42422d73338a27546	gi|2264236692|dbj|LC717523.1|	N/A	239743	100.000	104	0	0	1	104	377	480	8.20e-45	193
c3fc0601758785a42422d73338a27546	gi|2186300505|dbj|LC677339.1|	N/A	476918	100.000	104	0	0	1	104	377	480	8.20e-45	193
c3fc0601758785a42422d73338a27546	gi|2183321081|dbj|LC672512.1|	N/A	980339	100.000	104	0	0	1	104	377	480	8.20e-45	193
f3ca4711d94796503be4e5bbb8a6705b	gi|17979892|gb|AF363578.1|	N/A	9606	100.000	104	0	0	1	104	92541	92644	7.96e-45	193
f3ca4711d94796503be4e5bbb8a6705b	gi|15216348|dbj|AP003550.2|	N/A	9606	100.000	104	0	0	1	104	76620	76723	7.96e-45	193
c73cefb2b4ac8de08ae0c68341cbb28f	gi|339906186|ref|NC_015786.1|	N/A	270564	100.000	106	0	0	1	106	510	615	6.34e-46	196
cd36d419b8e7afc4b6ca44afcc1ece36	gi|2634358196|gb|CP139551.1|	N/A	9606	100.000	107	0	0	1	107	2292287	2292181	1.79e-46	198
cd36d419b8e7afc4b6ca44afcc1ece36	gi|257796343|gb|AC237676.1|	N/A	9606	100.000	107	0	0	1	107	102356	102250	1.79e-46	198
9f6692fd07fb279c0adbba88e344e008	gi|2456436690|gb|OQ210177.1|	N/A	8049	100.000	107	0	0	1	107	511	617	1.79e-46	198
9f6692fd07fb279c0adbba88e344e008	gi|2456436676|gb|OQ210176.1|	N/A	8049	100.000	107	0	0	1	107	511	617	1.79e-46	198
9f6692fd07fb279c0adbba88e344e008	gi|2456436662|gb|OQ210175.1|	N/A	8049	100.000	107	0	0	1	107	511	617	1.79e-46	198
9f6692fd07fb279c0adbba88e344e008	gi|2456436648|gb|OQ210174.1|	N/A	8049	100.000	107	0	0	1	107	511	617	1.79e-46	198
9f6692fd07fb279c0adbba88e344e008	gi|2456436634|gb|OQ210173.1|	N/A	8049	100.000	107	0	0	1	107	511	617	1.79e-46	198
9f6692fd07fb279c0adbba88e344e008	gi|2456436620|gb|OQ210172.1|	N/A	8049	100.000	107	0	0	1	107	511	617	1.79e-46	198
9f6692fd07fb279c0adbba88e344e008	gi|2456436606|gb|OQ210171.1|	N/A	8049	100.000	107	0	0	1	107	511	617	1.79e-46	198
9f6692fd07fb279c0adbba88e344e008	gi|2456436592|gb|OQ210170.1|	N/A	8049	100.000	107	0	0	1	107	511	617	1.79e-46	198
9f6692fd07fb279c0adbba88e344e008	gi|2456436578|gb|OQ210169.1|	N/A	8049	100.000	107	0	0	1	107	512	618	1.79e-46	198
9f6692fd07fb279c0adbba88e344e008	gi|2456436564|gb|OQ210168.1|	N/A	8049	100.000	107	0	0	1	107	511	617	1.79e-46	198
52d8a0f8f9f43992f249840c3df40831	gi|966798617|gb|KT901456.1|	N/A	39090	100.000	107	0	0	1	107	514	620	1.79e-46	198
52d8a0f8f9f43992f249840c3df40831	gi|1079707560|gb|KU963302.1|	N/A	1908284	100.000	107	0	0	1	107	1419	1525	1.79e-46	198
52d8a0f8f9f43992f249840c3df40831	gi|946725904|gb|KT818831.1|	N/A	39090	100.000	107	0	0	1	107	13426	13532	1.79e-46	198
52d8a0f8f9f43992f249840c3df40831	gi|2227918454|gb|MT874475.1|	N/A	39293	100.000	107	0	0	1	107	513	619	1.79e-46	198
52d8a0f8f9f43992f249840c3df40831	gi|2227918426|gb|MT874473.1|	N/A	39293	100.000	107	0	0	1	107	513	619	1.79e-46	198
52d8a0f8f9f43992f249840c3df40831	gi|2132868150|gb|MW183359.1|	N/A	39090	100.000	107	0	0	1	107	514	620	1.79e-46	198
52d8a0f8f9f43992f249840c3df40831	gi|1878254262|gb|MT410910.1|	N/A	9711	100.000	107	0	0	1	107	514	620	1.79e-46	198
52d8a0f8f9f43992f249840c3df40831	gi|1878254150|gb|MT410883.1|	N/A	9720	100.000	107	0	0	1	107	514	620	1.79e-46	198
52d8a0f8f9f43992f249840c3df40831	gi|282722775|gb|GU174597.1|	N/A	39293	100.000	107	0	0	1	107	443	549	1.79e-46	198
52d8a0f8f9f43992f249840c3df40831	gi|282722773|gb|GU174595.1|	N/A	39088	100.000	107	0	0	1	107	444	550	1.79e-46	198
97692e77675cee377312fb71ecc51b4e	gi|2557367275|gb|OR388123.1|	N/A	48683	100.000	108	0	0	1	108	465	572	5.04e-47	200
97692e77675cee377312fb71ecc51b4e	gi|2091528495|ref|NC_057528.1|	N/A	48683	100.000	108	0	0	1	108	603	710	5.04e-47	200
97692e77675cee377312fb71ecc51b4e	gi|2091528481|ref|NC_057527.1|	N/A	1934105	100.000	108	0	0	1	108	548	655	5.04e-47	200
97692e77675cee377312fb71ecc51b4e	gi|7339772|gb|AF173572.1|AF173572	N/A	37051	100.000	108	0	0	1	108	453	560	5.04e-47	200
97692e77675cee377312fb71ecc51b4e	gi|1870739|gb|U88025.1|PPU88025	N/A	48683	100.000	103	0	0	6	108	1	103	3.03e-44	191
97692e77675cee377312fb71ecc51b4e	gi|1870736|gb|U88024.1|PGU88024	N/A	37052	100.000	103	0	0	6	108	1	103	3.03e-44	191
0fb511a8c52441d7c1ed8ee37e080ad6	gi|2580315351|gb|OR582694.1|	N/A	980336	100.000	106	0	0	1	106	5289	5394	6.34e-46	196
0fb511a8c52441d7c1ed8ee37e080ad6	gi|2587926817|ref|NC_082807.1|	N/A	428036	100.000	106	0	0	1	106	507	612	6.34e-46	196
0fb511a8c52441d7c1ed8ee37e080ad6	gi|2587926648|ref|NC_082795.1|	N/A	1049575	100.000	106	0	0	1	106	507	612	6.34e-46	196
0fb511a8c52441d7c1ed8ee37e080ad6	gi|902686493|ref|NC_027588.1|	N/A	980417	100.000	106	0	0	1	106	507	612	6.34e-46	196
0fb511a8c52441d7c1ed8ee37e080ad6	gi|2235262310|ref|NC_063111.1|	N/A	1317009	100.000	106	0	0	1	106	507	612	6.34e-46	196
0fb511a8c52441d7c1ed8ee37e080ad6	gi|2095925519|gb|OK172577.1|	N/A	428036	100.000	106	0	0	1	106	439	544	6.34e-46	196
0fb511a8c52441d7c1ed8ee37e080ad6	gi|1898139782|gb|MT410903.1|	N/A	980417	100.000	106	0	0	1	106	507	612	6.34e-46	196
0fb511a8c52441d7c1ed8ee37e080ad6	gi|1896498891|gb|MT410893.1|	N/A	1266874	100.000	106	0	0	1	106	507	612	6.34e-46	196
5a75d97b5572a674b805ddf59e1e4c42	gi|2663409612|emb|OZ004779.1|	N/A	9742	100.000	104	0	0	1	104	509	612	8.20e-45	193
5a75d97b5572a674b805ddf59e1e4c42	gi|2663409607|emb|OZ004775.1|	N/A	9742	100.000	104	0	0	1	104	29439166	29439269	8.20e-45	193
5a75d97b5572a674b805ddf59e1e4c42	gi|2154999131|gb|MZ772972.1|	N/A	27614	100.000	104	0	0	1	104	509	612	8.20e-45	193
5a75d97b5572a674b805ddf59e1e4c42	gi|2154999117|gb|MZ772971.1|	N/A	27614	100.000	104	0	0	1	104	509	612	8.20e-45	193
5a75d97b5572a674b805ddf59e1e4c42	gi|2154999103|gb|MZ772970.1|	N/A	27614	100.000	104	0	0	1	104	509	612	8.20e-45	193
5a75d97b5572a674b805ddf59e1e4c42	gi|2154999089|gb|MZ772969.1|	N/A	42100	100.000	104	0	0	1	104	509	612	8.20e-45	193
5a75d97b5572a674b805ddf59e1e4c42	gi|2154999075|gb|MZ772968.1|	N/A	42100	100.000	104	0	0	1	104	509	612	8.20e-45	193
5a75d97b5572a674b805ddf59e1e4c42	gi|2154999061|gb|MZ772967.1|	N/A	42100	100.000	104	0	0	1	104	509	612	8.20e-45	193
5a75d97b5572a674b805ddf59e1e4c42	gi|2154999047|gb|MZ772966.1|	N/A	42100	100.000	104	0	0	1	104	509	612	8.20e-45	193
5a75d97b5572a674b805ddf59e1e4c42	gi|2227918468|gb|MT874476.1|	N/A	9742	100.000	104	0	0	1	104	509	612	8.20e-45	193
08bd987bd944513cc896ab3b3c3eed38	gi|1515576538|gb|MH377823.1|	N/A	183651	100.000	106	0	0	1	106	193	298	6.34e-46	196
08bd987bd944513cc896ab3b3c3eed38	gi|2580281830|gb|OP056997.2|	N/A	183651	100.000	106	0	0	1	106	507	612	6.34e-46	196
088fe13fa02373ceebeefea46a158220	gi|1386809266|dbj|LC377898.1|	N/A	8238	100.000	106	0	0	1	106	506	611	6.34e-46	196
088fe13fa02373ceebeefea46a158220	gi|1253214008|gb|KY400011.1|	N/A	8241	100.000	106	0	0	1	106	506	611	6.34e-46	196
088fe13fa02373ceebeefea46a158220	gi|2663408035|emb|OZ004756.1|	N/A	8237	100.000	106	0	0	1	106	506	611	6.34e-46	196
088fe13fa02373ceebeefea46a158220	gi|2635261123|dbj|LC790112.1|	N/A	48169	100.000	106	0	0	1	106	377	482	6.34e-46	196
088fe13fa02373ceebeefea46a158220	gi|2261422788|gb|ON890019.1|	N/A	8236	100.000	106	0	0	1	106	2	107	6.34e-46	196
088fe13fa02373ceebeefea46a158220	gi|2165128003|gb|MW232431.1|	N/A	48169	100.000	106	0	0	1	106	506	611	6.34e-46	196
088fe13fa02373ceebeefea46a158220	gi|2165127989|gb|MW232430.1|	N/A	48169	100.000	106	0	0	1	106	506	611	6.34e-46	196
088fe13fa02373ceebeefea46a158220	gi|2095611935|emb|OU607616.1|	N/A	8236	100.000	106	0	0	1	106	505	610	6.34e-46	196
088fe13fa02373ceebeefea46a158220	gi|2063804888|emb|OU343215.1|	N/A	8240	100.000	106	0	0	1	106	505	610	6.34e-46	196
088fe13fa02373ceebeefea46a158220	gi|1898139670|gb|MT410869.1|	N/A	8237	100.000	106	0	0	1	106	506	611	6.34e-46	196
9ac6b96a8fec0b3eef1cf71fa803eeb2	gi|507588534|gb|KC572708.1|	N/A	9770	100.000	106	0	0	1	106	1444	1549	6.34e-46	196
1b650324aafac0e6e6f0c473eccff258	gi|1548994291|gb|CP034495.1|	N/A	111789	100.000	107	0	0	1	107	22021871	22021977	1.79e-46	198
1b650324aafac0e6e6f0c473eccff258	gi|2634424567|gb|CP139526.1|	N/A	9606	100.000	107	0	0	1	107	23211981	23212087	1.79e-46	198
1b650324aafac0e6e6f0c473eccff258	gi|2634358191|gb|CP139549.1|	N/A	9606	100.000	107	0	0	1	107	23146479	23146585	1.79e-46	198
1b650324aafac0e6e6f0c473eccff258	gi|2033714910|gb|CP068261.2|	N/A	9606	100.000	107	0	0	1	107	23210751	23210857	1.79e-46	198
1b650324aafac0e6e6f0c473eccff258	gi|1909942469|dbj|AP023488.1|	N/A	9606	100.000	107	0	0	1	107	672166	672272	1.79e-46	198
1b650324aafac0e6e6f0c473eccff258	gi|23462901|gb|AC091134.7|	N/A	9606	100.000	107	0	0	1	107	136898	136792	1.79e-46	198
1b650324aafac0e6e6f0c473eccff258	gi|27658223|gb|AC131055.10|	N/A	9606	100.000	107	0	0	1	107	152244	152138	1.79e-46	198
1b650324aafac0e6e6f0c473eccff258	gi|27436834|gb|AC107940.13|	N/A	9606	100.000	107	0	0	1	107	95627	95733	1.79e-46	198
1b650324aafac0e6e6f0c473eccff258	gi|26225145|gb|AC132825.8|	N/A	9606	100.000	107	0	0	1	107	109812	109918	1.79e-46	198
1b650324aafac0e6e6f0c473eccff258	gi|12656011|gb|AF227907.1|AF227907	N/A	9606	100.000	107	0	0	1	107	3836	3942	1.79e-46	198
12ec47a024145ea53abe2244343a8a18	gi|339896041|gb|AC244472.2|	N/A	9606	100.000	107	0	0	1	107	108485	108591	1.79e-46	198
12ec47a024145ea53abe2244343a8a18	gi|295809443|emb|FN673994.1|	N/A	9606	100.000	107	0	0	1	107	615	721	1.79e-46	198
12ec47a024145ea53abe2244343a8a18	gi|288915559|gb|AC239612.3|	N/A	9606	100.000	107	0	0	1	107	66479	66373	1.79e-46	198
12ec47a024145ea53abe2244343a8a18	gi|114841177|ref|NG_001333.2|	N/A	9606	100.000	107	0	0	1	107	499324	499430	1.79e-46	198
12ec47a024145ea53abe2244343a8a18	gi|211938814|gb|AC231380.2|	N/A	9606	100.000	107	0	0	1	107	113884	113778	1.79e-46	198
12ec47a024145ea53abe2244343a8a18	gi|210060599|gb|AC217026.3|	N/A	9598	100.000	107	0	0	1	107	204627	204733	1.79e-46	198
12ec47a024145ea53abe2244343a8a18	gi|124487801|gb|AC193936.3|	N/A	9598	100.000	107	0	0	1	107	139437	139543	1.79e-46	198
12ec47a024145ea53abe2244343a8a18	gi|38708156|gb|AC146433.3|	N/A	9598	100.000	107	0	0	1	107	46964	47070	1.79e-46	198
af3a58f2cb86abc3a30f769011a6ccc2	gi|1961335566|gb|MW524740.1|	N/A	9606	100.000	107	0	0	1	107	16	122	1.79e-46	198
af3a58f2cb86abc3a30f769011a6ccc2	gi|295809435|emb|FN673986.1|	N/A	9606	100.000	107	0	0	1	107	375	481	1.79e-46	198
af3a58f2cb86abc3a30f769011a6ccc2	gi|17530693|gb|AC008512.8|	N/A	9606	100.000	107	0	0	1	107	95186	95080	1.79e-46	198
af3a58f2cb86abc3a30f769011a6ccc2	gi|16924090|gb|AC026409.4|	N/A	9606	100.000	107	0	0	1	107	84116	84222	1.79e-46	198
af3a58f2cb86abc3a30f769011a6ccc2	gi|25989038|gb|AC008580.7|	N/A	9606	100.000	107	0	0	1	107	7583	7689	1.79e-46	198
af3a58f2cb86abc3a30f769011a6ccc2	gi|14573684|gb|AC021080.4|AC021080	N/A	9606	100.000	107	0	0	1	107	79493	79387	1.79e-46	198
1535a44c66f8850e6d30284f8ddeb38d	gi|1613844435|gb|MF437247.1|	N/A	9606	100.000	107	0	0	1	107	1090	1196	1.79e-46	198
1535a44c66f8850e6d30284f8ddeb38d	gi|1517356963|gb|MH449365.1|	N/A	9606	100.000	107	0	0	1	107	1089	1195	1.79e-46	198
1535a44c66f8850e6d30284f8ddeb38d	gi|1514848353|gb|MH981657.1|	N/A	9606	100.000	107	0	0	1	107	1087	1193	1.79e-46	198
1535a44c66f8850e6d30284f8ddeb38d	gi|1212787525|gb|MF362949.1|	N/A	9606	100.000	107	0	0	1	107	1095	1201	1.79e-46	198
1535a44c66f8850e6d30284f8ddeb38d	gi|1104583362|gb|KX457270.1|	N/A	9606	100.000	107	0	0	1	107	1089	1195	1.79e-46	198
1535a44c66f8850e6d30284f8ddeb38d	gi|1102354404|gb|KY022422.1|	N/A	9606	100.000	107	0	0	1	107	1092	1198	1.79e-46	198
1535a44c66f8850e6d30284f8ddeb38d	gi|1042266549|gb|KX211952.1|	N/A	37011	100.000	107	0	0	1	107	507	613	1.79e-46	198
1535a44c66f8850e6d30284f8ddeb38d	gi|1042266367|gb|KX211939.1|	N/A	9597	100.000	107	0	0	1	107	510	616	1.79e-46	198
1535a44c66f8850e6d30284f8ddeb38d	gi|1042266353|gb|KX211938.1|	N/A	9597	100.000	107	0	0	1	107	511	617	1.79e-46	198
1535a44c66f8850e6d30284f8ddeb38d	gi|2273650490|gb|MZ386896.1|	N/A	9606	100.000	107	0	0	1	107	1085	1191	1.79e-46	198
0d61d4b7de48593109f5d112ed91948a	gi|2698116971|gb|OQ924187.1|	N/A	9913	100.000	105	0	0	1	105	863	967	2.31e-45	195
0d61d4b7de48593109f5d112ed91948a	gi|2698116957|gb|OQ924186.1|	N/A	9913	100.000	105	0	0	1	105	863	967	2.31e-45	195
0d61d4b7de48593109f5d112ed91948a	gi|2698116943|gb|OQ924185.1|	N/A	9913	100.000	105	0	0	1	105	863	967	2.31e-45	195
0d61d4b7de48593109f5d112ed91948a	gi|2698116929|gb|OQ924184.1|	N/A	9913	100.000	105	0	0	1	105	863	967	2.31e-45	195
0d61d4b7de48593109f5d112ed91948a	gi|2698116887|gb|OQ924181.1|	N/A	9913	100.000	105	0	0	1	105	863	967	2.31e-45	195
0d61d4b7de48593109f5d112ed91948a	gi|2689264428|gb|OR639848.1|	N/A	9915	100.000	105	0	0	1	105	13494	13598	2.31e-45	195
0d61d4b7de48593109f5d112ed91948a	gi|2656632396|gb|PP155642.1|	N/A	9913	100.000	105	0	0	1	105	864	968	2.31e-45	195
0d61d4b7de48593109f5d112ed91948a	gi|2647229902|emb|OY997260.1|	N/A	9913	100.000	105	0	0	1	105	3511	3615	2.31e-45	195
0d61d4b7de48593109f5d112ed91948a	gi|2644582918|gb|OQ160855.1|	N/A	9909	100.000	105	0	0	1	105	863	967	2.31e-45	195
0d61d4b7de48593109f5d112ed91948a	gi|2644582890|gb|OQ160853.1|	N/A	9913	100.000	105	0	0	1	105	863	967	2.31e-45	195
4f02a2feb56172509da29f8985949238	gi|1352192339|gb|KY798502.1|	N/A	8030	100.000	106	0	0	1	106	447	552	6.34e-46	196
4f02a2feb56172509da29f8985949238	gi|740529710|dbj|LC012541.1|	N/A	8030	100.000	106	0	0	1	106	1152	1257	6.34e-46	196
4f02a2feb56172509da29f8985949238	gi|574450792|gb|KF792729.1|	N/A	8030	100.000	106	0	0	1	106	505	610	6.34e-46	196
4f02a2feb56172509da29f8985949238	gi|378554505|gb|JQ390056.1|	N/A	8030	100.000	106	0	0	1	106	505	610	6.34e-46	196
4f02a2feb56172509da29f8985949238	gi|338177113|gb|JN007548.1|	N/A	8030	100.000	106	0	0	1	106	22	127	6.34e-46	196
4f02a2feb56172509da29f8985949238	gi|338177112|gb|JN007547.1|	N/A	8030	100.000	106	0	0	1	106	22	127	6.34e-46	196
4f02a2feb56172509da29f8985949238	gi|336317890|gb|HQ641696.1|	N/A	8030	100.000	106	0	0	1	106	5	110	6.34e-46	196
4f02a2feb56172509da29f8985949238	gi|293595876|gb|HM003530.1|	N/A	8030	100.000	106	0	0	1	106	5	110	6.34e-46	196
4f02a2feb56172509da29f8985949238	gi|293595873|gb|HM003527.1|	N/A	8030	100.000	106	0	0	1	106	5	110	6.34e-46	196
4f02a2feb56172509da29f8985949238	gi|307640020|gb|HQ167667.1|	N/A	8030	100.000	106	0	0	1	106	437	542	6.34e-46	196
9b1cbc97eff7dc6af2c100d85526140f	gi|1253558257|ref|NG_009191.3|	N/A	9606	100.000	101	0	0	1	101	35861	35761	3.60e-43	187
9b1cbc97eff7dc6af2c100d85526140f	gi|21306612|gb|AC074322.4|	N/A	9606	100.000	101	0	0	1	101	76148	76248	3.60e-43	187
8726f0690748a0d7318c782029077e62	gi|1548994292|gb|CP034496.1|	N/A	111789	100.000	101	0	0	1	101	59531995	59531895	3.60e-43	187
8726f0690748a0d7318c782029077e62	gi|2634424566|gb|CP139525.1|	N/A	9606	100.000	101	0	0	1	101	60684342	60684242	3.60e-43	187
8726f0690748a0d7318c782029077e62	gi|2634358190|gb|CP139548.1|	N/A	9606	100.000	101	0	0	1	101	62315727	62315627	3.60e-43	187
8726f0690748a0d7318c782029077e62	gi|2033714914|gb|CP068260.2|	N/A	9606	100.000	101	0	0	1	101	62078603	62078503	3.60e-43	187
8726f0690748a0d7318c782029077e62	gi|1909942459|dbj|AP023478.1|	N/A	9606	100.000	101	0	0	1	101	59332110	59332010	3.60e-43	187
8726f0690748a0d7318c782029077e62	gi|328926779|emb|FR846971.1|	N/A	9606	100.000	101	0	0	1	101	329	229	3.60e-43	187
8726f0690748a0d7318c782029077e62	gi|22532626|gb|AC105183.8|	N/A	9606	100.000	101	0	0	1	101	94840	94740	3.60e-43	187
9a193f7029a33b9c5987ea89fb233370	gi|2624665268|gb|OR187300.1|	N/A	9031	100.000	109	0	0	1	109	522	630	1.42e-47	202
9a193f7029a33b9c5987ea89fb233370	gi|2583763139|gb|OR506257.1|	N/A	9031	100.000	109	0	0	1	109	522	630	1.42e-47	202
9a193f7029a33b9c5987ea89fb233370	gi|2575818829|gb|OR537223.1|	N/A	9031	100.000	109	0	0	1	109	10	118	1.42e-47	202
9a193f7029a33b9c5987ea89fb233370	gi|2575815434|gb|OR537215.1|	N/A	9031	100.000	109	0	0	1	109	11	119	1.42e-47	202
9a193f7029a33b9c5987ea89fb233370	gi|2575787010|gb|OR536776.1|	N/A	9031	100.000	109	0	0	1	109	23	131	1.42e-47	202
9a193f7029a33b9c5987ea89fb233370	gi|2575786908|gb|OR536771.1|	N/A	9031	100.000	109	0	0	1	109	22	130	1.42e-47	202
9a193f7029a33b9c5987ea89fb233370	gi|2575780416|gb|OR536624.1|	N/A	9031	100.000	109	0	0	1	109	10	118	1.42e-47	202
9a193f7029a33b9c5987ea89fb233370	gi|2575776581|gb|OR536616.1|	N/A	9031	100.000	109	0	0	1	109	10	118	1.42e-47	202
9a193f7029a33b9c5987ea89fb233370	gi|2575772934|gb|OR536614.1|	N/A	9031	100.000	109	0	0	1	109	23	131	1.42e-47	202
9a193f7029a33b9c5987ea89fb233370	gi|2575754457|gb|OR536595.1|	N/A	9031	100.000	109	0	0	1	109	21	129	1.42e-47	202
be673ad467ff44bc0abd3bb295454550	gi|1825511898|gb|MT103925.1|	N/A	183654	100.000	104	0	0	1	104	281	384	7.96e-45	193
be673ad467ff44bc0abd3bb295454550	gi|1515576482|gb|MH377767.1|	N/A	183654	100.000	104	0	0	1	104	192	295	7.96e-45	193
be673ad467ff44bc0abd3bb295454550	gi|2329468229|gb|OP056991.1|	N/A	183654	100.000	104	0	0	1	104	506	609	7.96e-45	193
3d31352a264c791e0b7998150b37350a	gi|295809508|emb|FN674059.1|	N/A	9606	100.000	107	0	0	1	107	247	353	1.79e-46	198
3d31352a264c791e0b7998150b37350a	gi|20334498|gb|AC112650.2|	N/A	9606	100.000	107	0	0	1	107	94368	94474	1.79e-46	198
bbd6b723329db44753870a56d15bdbd6	gi|1790179376|dbj|LC493910.1|	N/A	394696	100.000	106	0	0	1	106	505	610	6.34e-46	196
bbd6b723329db44753870a56d15bdbd6	gi|1790179362|dbj|LC493909.1|	N/A	394708	100.000	106	0	0	1	106	505	610	6.34e-46	196
bbd6b723329db44753870a56d15bdbd6	gi|1267170532|ref|NC_036048.1|	N/A	394691	100.000	106	0	0	1	106	505	610	6.34e-46	196
bbd6b723329db44753870a56d15bdbd6	gi|1102318228|gb|KX929918.1|	N/A	394699	100.000	106	0	0	1	106	127	232	6.34e-46	196
bbd6b723329db44753870a56d15bdbd6	gi|2373975001|gb|OP035291.1|	N/A	72075	100.000	106	0	0	1	106	505	610	6.34e-46	196
bbd6b723329db44753870a56d15bdbd6	gi|2587926592|ref|NC_082791.1|	N/A	72096	100.000	106	0	0	1	106	505	610	6.34e-46	196
bbd6b723329db44753870a56d15bdbd6	gi|2587926130|ref|NC_082758.1|	N/A	72066	100.000	106	0	0	1	106	505	610	6.34e-46	196
bbd6b723329db44753870a56d15bdbd6	gi|2088232204|ref|NC_056783.1|	N/A	394699	100.000	106	0	0	1	106	505	610	6.34e-46	196
bbd6b723329db44753870a56d15bdbd6	gi|2018133224|ref|NC_053985.1|	N/A	72091	100.000	106	0	0	1	106	505	610	6.34e-46	196
bbd6b723329db44753870a56d15bdbd6	gi|1980526459|ref|NC_052754.1|	N/A	394708	100.000	106	0	0	1	106	505	610	6.34e-46	196
2d0506c060ee125f6608b52f22e598b1	gi|1547044249|ref|NG_016423.2|	N/A	9606	100.000	107	0	0	1	107	306193	306087	1.79e-46	198
2d0506c060ee125f6608b52f22e598b1	gi|16751509|dbj|AP003461.2|	N/A	9606	100.000	107	0	0	1	107	17150	17044	1.79e-46	198
306c99cefc380f66ec968cc0a350af7d	gi|2616782199|emb|OY755015.1|	N/A	27771	100.000	104	0	0	1	104	506	609	8.20e-45	193
306c99cefc380f66ec968cc0a350af7d	gi|2571476604|gb|OR499737.1|	N/A	195617	100.000	104	0	0	1	104	506	609	8.20e-45	193
306c99cefc380f66ec968cc0a350af7d	gi|2571476520|gb|OR499731.1|	N/A	641111	100.000	104	0	0	1	104	506	609	8.20e-45	193
306c99cefc380f66ec968cc0a350af7d	gi|2569353389|gb|OR482580.1|	N/A	172659	100.000	104	0	0	1	104	506	609	8.20e-45	193
306c99cefc380f66ec968cc0a350af7d	gi|2587926887|ref|NC_082812.1|	N/A	433389	100.000	104	0	0	1	104	506	609	8.20e-45	193
306c99cefc380f66ec968cc0a350af7d	gi|2587926803|ref|NC_082806.1|	N/A	195639	100.000	104	0	0	1	104	506	609	8.20e-45	193
306c99cefc380f66ec968cc0a350af7d	gi|2587926480|ref|NC_082783.1|	N/A	1402070	100.000	104	0	0	1	104	506	609	8.20e-45	193
306c99cefc380f66ec968cc0a350af7d	gi|2587926298|ref|NC_082770.1|	N/A	641108	100.000	104	0	0	1	104	506	609	8.20e-45	193
306c99cefc380f66ec968cc0a350af7d	gi|2587926270|ref|NC_082768.1|	N/A	641109	100.000	104	0	0	1	104	506	609	8.20e-45	193
306c99cefc380f66ec968cc0a350af7d	gi|2587926088|ref|NC_082755.1|	N/A	195623	100.000	104	0	0	1	104	506	609	8.20e-45	193
adefc778e0e09b2dec1a930e16d7c36f	gi|1253558257|ref|NG_009191.3|	N/A	9606	100.000	90	0	0	18	107	35851	35762	5.04e-37	167
adefc778e0e09b2dec1a930e16d7c36f	gi|21306612|gb|AC074322.4|	N/A	9606	100.000	90	0	0	18	107	76158	76247	5.04e-37	167
789c3558c73ed5654b562b424681009a	gi|772105169|gb|AC256229.1|	N/A	9606	100.000	107	0	0	1	107	72761	72655	1.79e-46	198
789c3558c73ed5654b562b424681009a	gi|1909942719|dbj|AP023738.1|	N/A	9606	100.000	107	0	0	1	107	40549	40443	1.79e-46	198
789c3558c73ed5654b562b424681009a	gi|34366527|emb|AL163540.11|	N/A	9606	100.000	107	0	0	1	107	79524	79630	1.79e-46	198
2a485cd03741c6fe6b14da2f20e691ff	gi|1808626605|gb|MT048578.1|	N/A	9606	100.000	107	0	0	1	107	28	134	1.79e-46	198
2a485cd03741c6fe6b14da2f20e691ff	gi|1517356305|gb|MH449318.1|	N/A	9606	100.000	107	0	0	1	107	1090	1196	1.79e-46	198
2a485cd03741c6fe6b14da2f20e691ff	gi|1357266981|gb|MG273123.1|	N/A	9606	100.000	107	0	0	1	107	1087	1193	1.79e-46	198
2a485cd03741c6fe6b14da2f20e691ff	gi|1104572457|gb|KX456491.1|	N/A	9606	100.000	107	0	0	1	107	1087	1193	1.79e-46	198
2a485cd03741c6fe6b14da2f20e691ff	gi|1022946679|gb|KT725865.1|	N/A	9606	100.000	107	0	0	1	107	1087	1193	1.79e-46	198
2a485cd03741c6fe6b14da2f20e691ff	gi|1022946665|gb|KT725864.1|	N/A	9606	100.000	107	0	0	1	107	1087	1193	1.79e-46	198
2a485cd03741c6fe6b14da2f20e691ff	gi|1022946651|gb|KT725863.1|	N/A	9606	100.000	107	0	0	1	107	1088	1194	1.79e-46	198
2a485cd03741c6fe6b14da2f20e691ff	gi|1022946637|gb|KT725862.1|	N/A	9606	100.000	107	0	0	1	107	1087	1193	1.79e-46	198
2a485cd03741c6fe6b14da2f20e691ff	gi|2444160187|gb|OP620856.1|	N/A	9606	100.000	107	0	0	1	107	1087	1193	1.79e-46	198
2a485cd03741c6fe6b14da2f20e691ff	gi|2273650686|gb|MZ386910.1|	N/A	9606	100.000	107	0	0	1	107	1088	1194	1.79e-46	198
975b1dbdc7405f6e27bf63893e91e0ed	gi|1129799457|gb|KX686079.1|	N/A	184440	100.000	106	0	0	1	106	191	296	6.34e-46	196
975b1dbdc7405f6e27bf63893e91e0ed	gi|2582032106|gb|OR603872.1|	N/A	184440	100.000	106	0	0	1	106	439	544	6.34e-46	196
975b1dbdc7405f6e27bf63893e91e0ed	gi|2587933800|ref|NC_083055.1|	N/A	184440	100.000	106	0	0	1	106	508	613	6.34e-46	196
3caae93eaa8222d3c3c82880d1ea3d6b	gi|459626995|ref|NC_020461.1|	N/A	476914	100.000	106	0	0	1	106	505	610	6.34e-46	196
3ea354ef3b2a5cda27711cc62312ebb9	gi|1548994288|gb|CP034492.1|	N/A	111789	100.000	107	0	0	1	107	65054948	65054842	1.79e-46	198
3ea354ef3b2a5cda27711cc62312ebb9	gi|15384727|emb|AL355887.4|	N/A	9606	100.000	107	0	0	1	107	68126	68020	1.79e-46	198
3ea354ef3b2a5cda27711cc62312ebb9	gi|13990342|emb|AL356032.4|	N/A	9606	100.000	107	0	0	1	107	163142	163036	1.79e-46	198
16de09dbce953f9fed0846f679270d3a	gi|2634424563|gb|CP139522.1|	N/A	9606	100.000	107	0	0	1	107	30256759	30256653	1.79e-46	198
01fddebb1fe784a669f47c356f1e788b	gi|1798174225|gb|MN122933.1|	N/A	106175	100.000	106	0	0	1	106	506	611	6.34e-46	196
01fddebb1fe784a669f47c356f1e788b	gi|2028741881|gb|MW995363.1|	N/A	106175	100.000	106	0	0	1	106	187	292	6.34e-46	196
01fddebb1fe784a669f47c356f1e788b	gi|1861284503|gb|MN539976.1|	N/A	106175	100.000	105	0	0	1	105	1	105	2.28e-45	195
01fddebb1fe784a669f47c356f1e788b	gi|1861284492|gb|MN539965.1|	N/A	106175	100.000	105	0	0	1	105	2	106	2.28e-45	195
f953066efe8f75b799b765ee588605ee	gi|2672419296|gb|PP302047.1|	N/A	9606	100.000	106	0	0	2	107	1094	1199	6.42e-46	196
f953066efe8f75b799b765ee588605ee	gi|2672142385|gb|PP273096.1|	N/A	9606	100.000	106	0	0	2	107	1086	1191	6.42e-46	196
f953066efe8f75b799b765ee588605ee	gi|2672142371|gb|PP273095.1|	N/A	9606	100.000	106	0	0	2	107	1088	1193	6.42e-46	196
f953066efe8f75b799b765ee588605ee	gi|2672142357|gb|PP273094.1|	N/A	9606	100.000	106	0	0	2	107	1087	1192	6.42e-46	196
f953066efe8f75b799b765ee588605ee	gi|2672142343|gb|PP273093.1|	N/A	9606	100.000	106	0	0	2	107	1088	1193	6.42e-46	196
f953066efe8f75b799b765ee588605ee	gi|2672142329|gb|PP273092.1|	N/A	9606	100.000	106	0	0	2	107	1087	1192	6.42e-46	196
f953066efe8f75b799b765ee588605ee	gi|2672142315|gb|PP273091.1|	N/A	9606	100.000	106	0	0	2	107	1084	1189	6.42e-46	196
f953066efe8f75b799b765ee588605ee	gi|2672142301|gb|PP273090.1|	N/A	9606	100.000	106	0	0	2	107	1090	1195	6.42e-46	196
f953066efe8f75b799b765ee588605ee	gi|2672142287|gb|PP273089.1|	N/A	9606	100.000	106	0	0	2	107	1085	1190	6.42e-46	196
f953066efe8f75b799b765ee588605ee	gi|2672142273|gb|PP273088.1|	N/A	9606	100.000	106	0	0	2	107	1085	1190	6.42e-46	196
d3fd621ceebbbfd380273b3865c1ede9	gi|2634424561|gb|CP139521.1|	N/A	9606	100.000	107	0	0	1	107	3700333	3700227	1.79e-46	198
d3fd621ceebbbfd380273b3865c1ede9	gi|2634424560|gb|CP139520.1|	N/A	9606	100.000	107	0	0	1	107	1899557	1899451	1.79e-46	198
d3fd621ceebbbfd380273b3865c1ede9	gi|2634358152|gb|CP139544.1|	N/A	9606	100.000	107	0	0	1	107	1578485	1578379	1.79e-46	198
d3fd621ceebbbfd380273b3865c1ede9	gi|2634358151|gb|CP139543.1|	N/A	9606	100.000	107	0	0	1	107	1951798	1951692	1.79e-46	198
d3fd621ceebbbfd380273b3865c1ede9	gi|2202693079|ref|NG_079282.1|	N/A	9606	100.000	107	0	0	1	107	67	173	1.79e-46	198
d3fd621ceebbbfd380273b3865c1ede9	gi|2033716901|gb|CP068256.2|	N/A	9606	100.000	107	0	0	1	107	3809670	3809564	1.79e-46	198
d3fd621ceebbbfd380273b3865c1ede9	gi|2033716899|gb|CP068257.2|	N/A	9606	100.000	107	0	0	1	107	2307949	2307843	1.79e-46	198
d3fd621ceebbbfd380273b3865c1ede9	gi|2033711141|gb|CP068263.2|	N/A	9606	100.000	107	0	0	1	107	1839428	1839322	1.79e-46	198
d3fd621ceebbbfd380273b3865c1ede9	gi|148250110|gb|AF402806.2|	N/A	9606	100.000	107	0	0	1	107	64941	64835	1.79e-46	198
d3fd621ceebbbfd380273b3865c1ede9	gi|33695214|emb|BX572084.5|	N/A	9606	100.000	107	0	0	1	107	11673	11779	1.79e-46	198
f392b65ac61ca907edf915aa1ad3b6c6	gi|2634424561|gb|CP139521.1|	N/A	9606	100.000	107	0	0	1	107	8231162	8231268	1.79e-46	198
f392b65ac61ca907edf915aa1ad3b6c6	gi|2033711141|gb|CP068263.2|	N/A	9606	100.000	107	0	0	1	107	4795502	4795608	1.79e-46	198
f392b65ac61ca907edf915aa1ad3b6c6	gi|300069073|gb|AC241530.2|	N/A	9606	100.000	107	0	0	1	107	8103	7997	1.79e-46	198
f392b65ac61ca907edf915aa1ad3b6c6	gi|33457004|emb|AL354822.8|	N/A	9606	100.000	107	0	0	1	107	17098	17204	1.79e-46	198
7ab0c7132e37d22edf53b5ba769c6b6b	gi|2183321019|dbj|LC672450.1|	N/A	1633513	100.000	106	0	0	1	106	376	481	6.34e-46	196
7ab0c7132e37d22edf53b5ba769c6b6b	gi|2582032125|gb|OR603891.1|	N/A	740938	100.000	105	0	0	2	106	441	545	2.28e-45	195
7ab0c7132e37d22edf53b5ba769c6b6b	gi|2587926677|ref|NC_082797.1|	N/A	2996727	100.000	105	0	0	2	106	508	612	2.28e-45	195
7ab0c7132e37d22edf53b5ba769c6b6b	gi|2587926536|ref|NC_082787.1|	N/A	255553	100.000	105	0	0	2	106	507	611	2.28e-45	195
7ab0c7132e37d22edf53b5ba769c6b6b	gi|2587926522|ref|NC_082786.1|	N/A	1176151	100.000	105	0	0	2	106	508	612	2.28e-45	195
7ab0c7132e37d22edf53b5ba769c6b6b	gi|2587926438|ref|NC_082780.1|	N/A	573213	100.000	105	0	0	2	106	507	611	2.28e-45	195
7ab0c7132e37d22edf53b5ba769c6b6b	gi|2314981980|ref|NC_066929.1|	N/A	320617	100.000	105	0	0	2	106	506	610	2.28e-45	195
7ab0c7132e37d22edf53b5ba769c6b6b	gi|2264236692|dbj|LC717523.1|	N/A	239743	100.000	105	0	0	2	106	378	482	2.28e-45	195
7ab0c7132e37d22edf53b5ba769c6b6b	gi|2186300505|dbj|LC677339.1|	N/A	476918	100.000	105	0	0	2	106	378	482	2.28e-45	195
7ab0c7132e37d22edf53b5ba769c6b6b	gi|2183321081|dbj|LC672512.1|	N/A	980339	100.000	105	0	0	2	106	378	482	2.28e-45	195
8b8c58598b9195c46b3d8c5633ee4004	gi|959122927|ref|NC_028530.1|	N/A	184215	100.000	105	0	0	2	106	506	610	2.28e-45	195
8b8c58598b9195c46b3d8c5633ee4004	gi|959122913|ref|NC_028529.1|	N/A	1266862	100.000	105	0	0	2	106	506	610	2.28e-45	195
22f00d0359bb77921d5b2a33334af24e	gi|1792269273|gb|MK492253.1|	N/A	2684676	100.000	28	0	0	67	94	14485	14458	0.014	52.8
22f00d0359bb77921d5b2a33334af24e	gi|2484204866|gb|OM937880.1|	N/A	3040148	100.000	28	0	0	67	94	15221	15194	0.014	52.8
22f00d0359bb77921d5b2a33334af24e	gi|2482674917|gb|OM994957.1|	N/A	2817218	100.000	28	0	0	67	94	15129	15102	0.014	52.8
22f00d0359bb77921d5b2a33334af24e	gi|2482674823|gb|OM994952.1|	N/A	3039839	100.000	28	0	0	67	94	15754	15727	0.014	52.8
22f00d0359bb77921d5b2a33334af24e	gi|2471565402|gb|OL351266.1|	N/A	3037478	100.000	28	0	0	67	94	14480	14453	0.014	52.8
22f00d0359bb77921d5b2a33334af24e	gi|2217808418|dbj|LC656893.1|	N/A	2888780	100.000	28	0	0	67	94	210	237	0.014	52.8
22f00d0359bb77921d5b2a33334af24e	gi|2192926556|ref|NC_060586.1|	N/A	1268355	100.000	28	0	0	67	94	14457	14430	0.014	52.8
22f00d0359bb77921d5b2a33334af24e	gi|2052620708|gb|MT849268.1|	N/A	2844939	100.000	28	0	0	67	94	14999	14972	0.014	52.8
22f00d0359bb77921d5b2a33334af24e	gi|2018126782|ref|NC_053852.1|	N/A	219317	100.000	28	0	0	67	94	14480	14453	0.014	52.8
d8007042a9362d7edd7af0e58c0f1f86	gi|1002162449|ref|NC_029383.1|	N/A	119608	100.000	108	0	0	1	108	523	630	5.04e-47	200
d8007042a9362d7edd7af0e58c0f1f86	gi|1918093478|gb|MN356423.1|	N/A	1323832	100.000	108	0	0	1	108	524	631	5.04e-47	200
d8007042a9362d7edd7af0e58c0f1f86	gi|28188500|gb|AY139624.1|	N/A	52122	100.000	108	0	0	1	108	454	561	5.04e-47	200
d8007042a9362d7edd7af0e58c0f1f86	gi|1870717|gb|U88002.1|CDU88002	N/A	52122	100.000	103	0	0	6	108	1	103	3.03e-44	191
d8007042a9362d7edd7af0e58c0f1f86	gi|1770819517|gb|MN628444.1|	N/A	1323832	100.000	101	0	0	8	108	1	101	3.92e-43	187
d9230df8d86f06db743d276062a38258	gi|2634424560|gb|CP139520.1|	N/A	9606	100.000	107	0	0	1	107	12308858	12308964	1.79e-46	198
d9230df8d86f06db743d276062a38258	gi|2634358151|gb|CP139543.1|	N/A	9606	100.000	107	0	0	1	107	8155944	8156050	1.79e-46	198
d9230df8d86f06db743d276062a38258	gi|358247659|emb|FP325308.11|	N/A	9606	100.000	107	0	0	1	107	108224	108118	1.79e-46	198
d9230df8d86f06db743d276062a38258	gi|2033716901|gb|CP068256.2|	N/A	9606	100.000	107	0	0	1	107	9838758	9838864	1.79e-46	198
d9230df8d86f06db743d276062a38258	gi|1870022764|gb|AC279708.1|	N/A	9606	100.000	107	0	0	1	107	100901	101007	1.79e-46	198
d9230df8d86f06db743d276062a38258	gi|1870022727|gb|AC279671.1|	N/A	9606	100.000	107	0	0	1	107	72434	72540	1.79e-46	198
d9230df8d86f06db743d276062a38258	gi|1870022583|gb|AC279567.1|	N/A	9606	100.000	107	0	0	1	107	135612	135506	1.79e-46	198
d9230df8d86f06db743d276062a38258	gi|300244637|gb|AC241545.2|	N/A	9606	100.000	107	0	0	1	107	17415	17309	1.79e-46	198
d9230df8d86f06db743d276062a38258	gi|28376844|gb|AC138776.2|	N/A	9606	100.000	107	0	0	1	107	81947	82053	1.79e-46	198
d9230df8d86f06db743d276062a38258	gi|31620885|emb|BX511022.7|	N/A	9606	100.000	107	0	0	1	107	78679	78785	1.79e-46	198
d06c76c9cc6e8973976733d7331617d8	gi|21313833|gb|AC021451.8|	N/A	9606	100.000	106	0	0	1	106	132717	132612	6.34e-46	196
d06c76c9cc6e8973976733d7331617d8	gi|17149470|gb|AC091163.5|	N/A	9606	100.000	106	0	0	1	106	44812	44707	6.34e-46	196
54fd4154bdb8eda3b50d05f4d486fca3	gi|1129799462|gb|KX686084.1|	N/A	224708	100.000	104	0	0	3	106	197	300	8.20e-45	193
54fd4154bdb8eda3b50d05f4d486fca3	gi|2282237323|gb|OP154163.1|	N/A	224707	100.000	104	0	0	3	106	440	543	8.20e-45	193
989013af2395aea06e80451cf08681fa	gi|14589691|gb|AC013437.8|	N/A	9606	100.000	107	0	0	1	107	65479	65373	1.79e-46	198
