6a9c2d5770b6e78ca3450f62d67b08fc	1.00_Northern_sand_lance_Ammodytes_dubius	100.000	106	0	0	1	106	1	106	2.32e-53	196
ea364c182199815b78fc2630a9b4d6be	3.00_Human_mito1	100.000	107	0	0	1	107	1	107	6.53e-54	198
ea364c182199815b78fc2630a9b4d6be	3.00_Human_mito6	99.065	107	1	0	1	107	1	107	3.04e-52	193
ea364c182199815b78fc2630a9b4d6be	3.00_Human_mito5	99.065	107	1	0	1	107	1	107	3.04e-52	193
ea364c182199815b78fc2630a9b4d6be	3.00_Human_mito4	99.065	107	1	0	1	107	1	107	3.04e-52	193
ea364c182199815b78fc2630a9b4d6be	3.00_Human_mito3	99.065	107	1	0	1	107	1	107	3.04e-52	193
ea364c182199815b78fc2630a9b4d6be	3.00_Human_mito2	99.065	107	1	0	1	107	1	107	3.04e-52	193
ea364c182199815b78fc2630a9b4d6be	3.00_Human_mito7	98.131	107	2	0	1	107	1	107	1.41e-50	187
ea364c182199815b78fc2630a9b4d6be	2.50_Human_chromo_mutS_5	98.131	107	2	0	1	107	1	107	1.41e-50	187
57e83a29cfecdba4509d02c3e9d610a3	1.00_Silver_hake_Merluccius_bilinearis	100.000	106	0	0	1	106	1	106	2.32e-53	196
30a623f128fb722f5fc16dbb86582d53	1.00_Atlantic_herring_Clupea_harengus	100.000	106	0	0	1	106	1	106	2.32e-53	196
9e985443e4cd6cdec8bd0d1d325c53d9	1.00_Red_White_or_Spotted_hake_sp_Urophycis_sp	100.000	107	0	0	1	107	1	107	6.53e-54	198
df263dae379496c7e522db8a7dbc01c9	1.00_Atlantic_mackerel_Scomber_scombrus	100.000	107	0	0	1	107	1	107	6.53e-54	198
1186c621e048e637a49024762b3750e7	1.00_Winter_or_Yellowtail_flounder_Pseudopleuronectes_americanus_or_Pleuronectes_ferrugineus	100.000	106	0	0	1	106	1	106	2.32e-53	196
1186c621e048e637a49024762b3750e7	1.00_Witch_flounder_Glyptocephalus_cynoglossus	99.057	106	1	0	1	106	1	106	1.08e-51	191
1186c621e048e637a49024762b3750e7	1.00_Greenland_halibut_Reinhardtius_hippoglossoides	99.057	106	1	0	1	106	1	106	1.08e-51	191
1186c621e048e637a49024762b3750e7	1.00_Atlantic_halibut_Hippoglossus_sp	98.113	106	2	0	1	106	1	106	5.03e-50	185
1186c621e048e637a49024762b3750e7	1.00_American_plaice_Hippoglossoides_platessoides_also_matches_Winter_flounder_refseq	98.113	106	2	0	1	106	1	106	5.03e-50	185
c030ecad0cd0504068af5f150dc7b103	1.00_sculpins_Cottidae_sp	100.000	106	0	0	1	106	1	106	2.32e-53	196
c030ecad0cd0504068af5f150dc7b103	1.00_mustache-sculpin_Triglops-murrayi__other-pacifc-sculpins	99.057	106	1	0	1	106	1	106	1.08e-51	191
8a63d772aa851473fb3224da1539870b	1.00_Cunner_Tautogolabrus_adspersus	100.000	106	0	0	1	106	1	106	2.32e-53	196
bcbd43d985c17b122ecef7c3c46ae4d1	1.00_Bluefish_Pomatomus_saltatrix	100.000	108	0	0	1	108	1	108	1.84e-54	200
3c506a1e3e37182931687be18414a6a3	2.00_Pig_Sus_scrofa	100.000	106	0	0	1	106	1	106	2.32e-53	196
0c345c9a2aa92abab556aa04441cf718	1.00_Atlantic_menhaden_Brevoortia_tyrannus_LS17	100.000	106	0	0	1	106	1	106	2.32e-53	196
0c345c9a2aa92abab556aa04441cf718	1.10_Atlantic_menhaden_LS15_Brevoortia_tyrannus	99.057	106	1	0	1	106	1	106	1.08e-51	191
0c345c9a2aa92abab556aa04441cf718	1.00_Atlantic_menhaden_LS16_or_river_herrings_Clupeidae_sp	99.057	106	1	0	1	106	1	106	1.08e-51	191
69ac299d9ecf9485bf58d60edab1cbcb	2.00_Harbor_porpoise_Phocoena_phocoena	100.000	106	0	0	1	106	1	106	2.32e-53	196
69ac299d9ecf9485bf58d60edab1cbcb	2.00_white-sided-dolphin_white-beaked-dolphin_Lagenorhynchus-spp	98.113	106	2	0	1	106	1	106	5.03e-50	185
ea571efea83c8111b3bbd23074f0222e	2.00_Canada_goose_other_geese_swans	99.074	108	1	0	1	108	1	108	8.54e-53	195
64532675ee94b3e98fb68133e1a75984	1.00_Northern_sand_lance_Ammodytes_dubius	99.057	106	1	0	1	106	1	106	1.08e-51	191
97d4b89e17101a66cdcb62d3be1ef5d0	2.20_Dog_Canis_lupus_mito1	100.000	106	0	0	1	106	1	106	2.32e-53	196
97d4b89e17101a66cdcb62d3be1ef5d0	2.20_Dog_mito2	99.057	106	1	0	1	106	1	106	1.08e-51	191
7784629e98867bebee16c26e04632027	3.50_Human_chromo_RP11382F24	100.000	107	0	0	1	107	1	107	6.53e-54	198
c9bb5d5fc530c1dca2f73a53bb77141c	1.00_Atlantic_cod_and_haddock	100.000	106	0	0	1	106	1	106	2.32e-53	196
c9bb5d5fc530c1dca2f73a53bb77141c	1.00_Pollock_Polachius_virens_or_Whiting_Merlangus_merlangus	99.057	106	1	0	1	106	1	106	1.08e-51	191
c9bb5d5fc530c1dca2f73a53bb77141c	1.00_cusk_Brosme-brosme	98.113	106	2	0	1	106	1	106	5.03e-50	185
c9bb5d5fc530c1dca2f73a53bb77141c	1.00_Atlantic_cod98_Gadidae98	98.113	106	2	0	1	106	1	106	5.03e-50	185
8eda94cae1befff585c94f9b67a8de7a	1.00_Northern_sand_lance_Ammodytes_dubius	99.057	106	1	0	1	106	1	106	1.08e-51	191
e7240a28d05a52722a7570029c9a880b	2.50_Human_chromo_mutS_5	100.000	107	0	0	1	107	1	107	6.53e-54	198
e7240a28d05a52722a7570029c9a880b	3.00_Human_mito1	98.131	107	2	0	1	107	1	107	1.41e-50	187
8961e2d14d8b0510763256de80a000a2	1.00_Atlantic_menhaden_LS16_or_river_herrings_Clupeidae_sp	100.000	106	0	0	1	106	1	106	2.32e-53	196
8961e2d14d8b0510763256de80a000a2	1.00_Atlantic_menhaden_Brevoortia_tyrannus_LS17	99.057	106	1	0	1	106	1	106	1.08e-51	191
8961e2d14d8b0510763256de80a000a2	1.10_Atlantic_menhaden_LS15_Brevoortia_tyrannus	98.113	106	2	0	1	106	1	106	5.03e-50	185
0c1953958636362ca2347e398eb8c36c	3.50_Human_numt227	100.000	107	0	0	1	107	1	107	6.53e-54	198
9c8a7b893d0fdaf8c1c89606cfce1c08	1.00_Fourbeard_rockling_Enchelyopus_cimbrius	100.000	106	0	0	1	106	1	106	2.32e-53	196
4c5905c5ab539613d9c3069d0ae54188	2.20_Cow_Bos_taurus	100.000	107	0	0	1	107	1	107	6.53e-54	198
4c5905c5ab539613d9c3069d0ae54188	2.00_American_bison_Bison_bison	98.131	107	2	0	1	107	1	107	1.41e-50	187
e96de42c086d6324a58fd41062bc7f6f	2.20_Turkey_Meleagris_gallopavo	100.000	107	0	0	1	107	1	107	6.53e-54	198
b98d245c042075fa94c4a01ffd4f9db8	1.00_American_butterfish_Peprilus_triacanthus	100.000	106	0	0	1	106	1	106	2.32e-53	196
78194330e1d7fd85548660bfc6a7cf51	3.00_Human_mito1	99.065	107	1	0	1	107	1	107	3.04e-52	193
78194330e1d7fd85548660bfc6a7cf51	3.00_Human_mito6	98.131	107	2	0	1	107	1	107	1.41e-50	187
78194330e1d7fd85548660bfc6a7cf51	3.00_Human_mito5	98.131	107	2	0	1	107	1	107	1.41e-50	187
78194330e1d7fd85548660bfc6a7cf51	3.00_Human_mito4	98.131	107	2	0	1	107	1	107	1.41e-50	187
78194330e1d7fd85548660bfc6a7cf51	3.00_Human_mito3	98.131	107	2	0	1	107	1	107	1.41e-50	187
78194330e1d7fd85548660bfc6a7cf51	3.00_Human_mito2	98.131	107	2	0	1	107	1	107	1.41e-50	187
4425aca95636d946b21e51dbd597dcea	3.00_Human_mito6	100.000	107	0	0	1	107	1	107	6.53e-54	198
4425aca95636d946b21e51dbd597dcea	3.00_Human_mito1	99.065	107	1	0	1	107	1	107	3.04e-52	193
4425aca95636d946b21e51dbd597dcea	3.00_Human_mito5	98.131	107	2	0	1	107	1	107	1.41e-50	187
4425aca95636d946b21e51dbd597dcea	3.00_Human_mito4	98.131	107	2	0	1	107	1	107	1.41e-50	187
4425aca95636d946b21e51dbd597dcea	3.00_Human_mito3	98.131	107	2	0	1	107	1	107	1.41e-50	187
4425aca95636d946b21e51dbd597dcea	3.00_Human_mito2	98.131	107	2	0	1	107	1	107	1.41e-50	187
0af1b78539821a4e5d01d9e3f0a4431d	2.00_Humpback_whale	100.000	106	0	0	1	106	1	106	2.32e-53	196
0af1b78539821a4e5d01d9e3f0a4431d	2.00_Pacific_gray_whale	98.113	106	2	0	1	106	1	106	5.03e-50	185
0af1b78539821a4e5d01d9e3f0a4431d	2.00_Fin_whale_Balaenoptera_physalus	98.077	104	2	0	1	104	1	104	6.51e-49	182
eaee33c05748303613d8c9498108996b	1.00_Northern_sand_lance_Ammodytes_dubius	99.057	106	1	0	1	106	1	106	1.08e-51	191
099613aedb46ca6353dd3f34ae2daec4	3.50_Human_chromosome4_rp11659o3	100.000	107	0	0	1	107	1	107	6.53e-54	198
522cee9ed71a1e6df380e3a702afb7c6	1.00_Silver_hake_Merluccius_bilinearis	99.057	106	1	0	1	106	1	106	1.08e-51	191
9721b57d07801c91d036c1ba4e32d8ea	3.00_Human_mito1	99.065	107	1	0	1	107	1	107	3.04e-52	193
9721b57d07801c91d036c1ba4e32d8ea	3.00_Human_mito6	98.131	107	2	0	1	107	1	107	1.41e-50	187
9721b57d07801c91d036c1ba4e32d8ea	3.00_Human_mito5	98.131	107	2	0	1	107	1	107	1.41e-50	187
9721b57d07801c91d036c1ba4e32d8ea	3.00_Human_mito4	98.131	107	2	0	1	107	1	107	1.41e-50	187
9721b57d07801c91d036c1ba4e32d8ea	3.00_Human_mito3	98.131	107	2	0	1	107	1	107	1.41e-50	187
9721b57d07801c91d036c1ba4e32d8ea	3.00_Human_mito2	98.131	107	2	0	1	107	1	107	1.41e-50	187
ae29c9c6fe321c12a8dd2097b8ceddcd	3.50_Human_chromosome4_rp11659o3	99.065	107	1	0	1	107	1	107	3.04e-52	193
328c47e95c8b6a4e6e3c7a3700045d71	3.50_Human_numt_332	100.000	109	0	0	1	109	1	109	5.16e-55	202
328c47e95c8b6a4e6e3c7a3700045d71	3.50_Human_numt1	98.095	105	2	0	5	109	3	107	1.87e-49	183
7950b1078efc076defba9c936b970ef7	3.50_Human_chromo17_RP1113L8	100.000	107	0	0	1	107	1	107	6.53e-54	198
7950b1078efc076defba9c936b970ef7	3.50_Human_chromo17_RP1113L8b	100.000	106	0	0	2	107	1	106	2.35e-53	196
14f5a1d4993cbbaac9426a2ccb964d26	1.00_American_anglerfish_Lophius_americanus	100.000	106	0	0	1	106	1	106	2.32e-53	196
c29b9fc8c224b8543b9d6b76a84da589	1.00_Pollock_Polachius_virens_or_Whiting_Merlangus_merlangus	100.000	106	0	0	1	106	1	106	2.32e-53	196
c29b9fc8c224b8543b9d6b76a84da589	1.00_Atlantic_cod_and_haddock	99.057	106	1	0	1	106	1	106	1.08e-51	191
c29b9fc8c224b8543b9d6b76a84da589	1.00_Tomcod_Microgadus_tomcod	98.113	106	2	0	1	106	1	106	5.03e-50	185
de8339905c2655847248b3084379b474	1.10_Atlantic_menhaden_LS15_Brevoortia_tyrannus	100.000	106	0	0	1	106	1	106	2.32e-53	196
de8339905c2655847248b3084379b474	1.00_Atlantic_menhaden_Brevoortia_tyrannus_LS17	99.057	106	1	0	1	106	1	106	1.08e-51	191
de8339905c2655847248b3084379b474	1.00_Atlantic_menhaden_LS16_or_river_herrings_Clupeidae_sp	98.113	106	2	0	1	106	1	106	5.03e-50	185
fe4a925833d96a18c2fdeac0dd07904e	1.00_American_plaice_Hippoglossoides_platessoides_also_matches_Winter_flounder_refseq	100.000	106	0	0	1	106	1	106	2.32e-53	196
fe4a925833d96a18c2fdeac0dd07904e	1.00_Winter_or_Yellowtail_flounder_Pseudopleuronectes_americanus_or_Pleuronectes_ferrugineus	98.113	106	2	0	1	106	1	106	5.03e-50	185
fe4a925833d96a18c2fdeac0dd07904e	1.00_Greenland_halibut_Reinhardtius_hippoglossoides	98.113	106	2	0	1	106	1	106	5.03e-50	185
bde979d734b23087eb29210f5b1a5b08	2.00_Minke_whale_Balaenoptera_acutorostrata	100.000	107	0	0	1	107	1	107	6.53e-54	198
c3fc0601758785a42422d73338a27546	1.00_sculpins_Cottidae_sp	100.000	104	0	0	1	104	1	104	3.01e-52	193
c3fc0601758785a42422d73338a27546	1.00_mustache-sculpin_Triglops-murrayi__other-pacifc-sculpins	99.038	104	1	0	1	104	1	104	1.40e-50	187
c73cefb2b4ac8de08ae0c68341cbb28f	1.00_Northern_sand_lance_Ammodytes_dubius	99.057	106	1	0	1	106	1	106	1.08e-51	191
cd36d419b8e7afc4b6ca44afcc1ece36	3.50_Human_chromo2_RP1185C8	100.000	107	0	0	1	107	1	107	6.53e-54	198
cd36d419b8e7afc4b6ca44afcc1ece36	3.50_Human_chromo4_AABC161701	98.131	107	2	0	1	107	1	107	1.41e-50	187
cd36d419b8e7afc4b6ca44afcc1ece36	3.50_Human_chromo17_106I20	98.131	107	2	0	1	107	1	107	1.41e-50	187
9f6692fd07fb279c0adbba88e344e008	1.00_Atlantic_cod_and_haddock	100.000	106	0	0	1	106	1	106	2.35e-53	196
9f6692fd07fb279c0adbba88e344e008	1.00_Pollock_Polachius_virens_or_Whiting_Merlangus_merlangus	99.057	106	1	0	1	106	1	106	1.09e-51	191
9f6692fd07fb279c0adbba88e344e008	1.00_cusk_Brosme-brosme	98.113	106	2	0	1	106	1	106	5.09e-50	185
9f6692fd07fb279c0adbba88e344e008	1.00_Atlantic_cod98_Gadidae98	98.113	106	2	0	1	106	1	106	5.09e-50	185
52d8a0f8f9f43992f249840c3df40831	2.00_seal-species_hooded-seal_Cystophora-cristata_OR_grey-seal_Halichoerus-grypus_OR_harbor-seal_Phoca-vitulina	100.000	107	0	0	1	107	1	107	6.53e-54	198
52d8a0f8f9f43992f249840c3df40831	2.00_ringed-seal_Pusa-hispida	99.065	107	1	0	1	107	1	107	3.04e-52	193
52d8a0f8f9f43992f249840c3df40831	2.00_harp-seal_Phoca-groenlandica_ref1	99.065	107	1	0	1	107	1	107	3.04e-52	193
52d8a0f8f9f43992f249840c3df40831	2.00_harp-seal_Phoca-groenlandica_ref2	98.131	107	2	0	1	107	1	107	1.41e-50	187
d8fb6776dc893a275f6d1077c9da49d6	1.00_Silver_hake_Merluccius_bilinearis	99.057	106	1	0	1	106	1	106	1.08e-51	191
97692e77675cee377312fb71ecc51b4e	2.00_Great-Shearwater_Ardenna-gravis	100.000	108	0	0	1	108	1	108	1.84e-54	200
97692e77675cee377312fb71ecc51b4e	2.00_scopolis-shearwater_Calonectris-diomedea_OR_corys-shearwater_Calonectris-borealis	99.074	108	1	0	1	108	1	108	8.54e-53	195
97692e77675cee377312fb71ecc51b4e	2.00_shearwater-Puffinus-species__sooty-shearwater_Puffinus-griseus_OR_great-shearwater_Puffinus-gravis-shortRef	100.000	103	0	0	6	108	1	103	1.11e-51	191
0fb511a8c52441d7c1ed8ee37e080ad6	1.00_blenny-species__Lumpenus-longipterus_Lumpenus-fabricii_Lumpenus-lampretaeformis_Leptoclinus-maculatus	100.000	106	0	0	1	106	1	106	2.32e-53	196
0fb511a8c52441d7c1ed8ee37e080ad6	1.00_wrymouth_Cryptacanthodes-maculatus	98.113	106	2	0	1	106	1	106	5.03e-50	185
db8615250f29272019fe417d96bf08f3	1.00_Atlantic_menhaden_Brevoortia_tyrannus_LS17	99.057	106	1	0	1	106	1	106	1.08e-51	191
db8615250f29272019fe417d96bf08f3	1.10_Atlantic_menhaden_LS15_Brevoortia_tyrannus	98.113	106	2	0	1	106	1	106	5.03e-50	185
db8615250f29272019fe417d96bf08f3	1.00_Atlantic_menhaden_LS16_or_river_herrings_Clupeidae_sp	98.113	106	2	0	1	106	1	106	5.03e-50	185
abb58e582fcc5bd9d2526b4bf98ed7a3	2.00_Great-Shearwater_Ardenna-gravis	98.148	108	2	0	1	108	1	108	3.97e-51	189
abb58e582fcc5bd9d2526b4bf98ed7a3	2.00_shearwater-Puffinus-species__sooty-shearwater_Puffinus-griseus_OR_great-shearwater_Puffinus-gravis-shortRef	99.029	103	1	0	6	108	1	103	5.14e-50	185
652ce4f635f3cf4fbcf1bc801f661c46	1.00_sculpins_Cottidae_sp	99.057	106	1	0	1	106	1	106	1.08e-51	191
652ce4f635f3cf4fbcf1bc801f661c46	1.00_mustache-sculpin_Triglops-murrayi__other-pacifc-sculpins	98.113	106	2	0	1	106	1	106	5.03e-50	185
5a75d97b5572a674b805ddf59e1e4c42	2.00_Harbor_porpoise_Phocoena_phocoena	100.000	104	0	0	1	104	1	104	3.01e-52	193
5a75d97b5572a674b805ddf59e1e4c42	2.00_white-sided-dolphin_white-beaked-dolphin_Lagenorhynchus-spp	98.077	104	2	0	1	104	1	104	6.51e-49	182
d3e9e782db4ff4d469f7e5cc294902d9	2.20_Cat_Felis_catus	99.074	108	1	0	1	108	1	108	8.54e-53	195
d3e9e782db4ff4d469f7e5cc294902d9	2.20_Cat_Felis_catus(2)	98.148	108	2	0	1	108	1	108	3.97e-51	189
08bd987bd944513cc896ab3b3c3eed38	1.00_Fourspot_flounder_Hippoglossina_oblonga	100.000	106	0	0	1	106	1	106	2.32e-53	196
088fe13fa02373ceebeefea46a158220	1.00_Tuna_sp_Thunnus_sp	100.000	106	0	0	1	106	1	106	2.32e-53	196
088fe13fa02373ceebeefea46a158220	1.00_Butterfly_mackerel_Gasterochisma_melampus	99.057	106	1	0	1	106	1	106	1.08e-51	191
088fe13fa02373ceebeefea46a158220	1.00_Atlantic_bonito_Sarda_sarda_and_Frigate_or_bullet_tuna_Auxis_thazard_or_rochei	99.057	106	1	0	1	106	1	106	1.08e-51	191
088fe13fa02373ceebeefea46a158220	1.00_Little_tunny_or_skipjack_tuna_Euthynnus_alletteratus_or_Katsuwonus_pelamis	98.113	106	2	0	1	106	1	106	5.03e-50	185
bfff32a066e9e0827182f27d529cf460	1.00_Silver_hake_Merluccius_bilinearis	99.057	106	1	0	1	106	1	106	1.08e-51	191
32daf7a1c426a5abdb0d4a63726846bd	1.00_Red_White_or_Spotted_hake_sp_Urophycis_sp	99.065	107	1	0	1	107	1	107	3.04e-52	193
9ac6b96a8fec0b3eef1cf71fa803eeb2	2.00_Fin_whale_Balaenoptera_physalus	99.057	106	1	0	1	106	1	106	1.08e-51	191
fdec8ca41746b0c5c1a1f4e6ec09adb6	1.00_Atlantic_herring_Clupea_harengus	99.057	106	1	0	1	106	1	106	1.08e-51	191
1b650324aafac0e6e6f0c473eccff258	3.50_Human_chromosome17_rp11646f1	100.000	107	0	0	1	107	1	107	6.53e-54	198
b9c327ecf083c6db54beb7bf1f749218	1.00_Silver_hake_Merluccius_bilinearis	99.057	106	1	0	1	106	1	106	1.08e-51	191
740ab06a4148f935c73bf6b09ad190c2	1.00_Atlantic_herring_Clupea_harengus	99.057	106	1	0	1	106	1	106	1.08e-51	191
12ec47a024145ea53abe2244343a8a18	3.50_Human_chromosome7_ch17112M4	100.000	107	0	0	1	107	1	107	6.53e-54	198
3be7bd12c623b29e9f28eab9abdc48e8	1.00_Atlantic_mackerel_Scomber_scombrus	99.065	107	1	0	1	107	1	107	3.04e-52	193
af3a58f2cb86abc3a30f769011a6ccc2	3.50_Human_numt1	100.000	107	0	0	1	107	1	107	6.53e-54	198
af3a58f2cb86abc3a30f769011a6ccc2	3.50_Human_numt_332	98.095	105	2	0	3	107	5	109	1.83e-49	183
b2d434d0f913b0122f53a95b0ec15d5d	1.00_Atlantic_herring_Clupea_harengus	98.113	106	2	0	1	106	1	106	5.03e-50	185
c972de9c10572043855aaca4a4da68f4	1.00_Northern_sand_lance_Ammodytes_dubius	99.057	106	1	0	1	106	1	106	1.08e-51	191
1535a44c66f8850e6d30284f8ddeb38d	3.00_Human_mito1	99.065	107	1	0	1	107	1	107	3.04e-52	193
1535a44c66f8850e6d30284f8ddeb38d	2.50_Human_chromo_mutS_5	99.065	107	1	0	1	107	1	107	3.04e-52	193
1535a44c66f8850e6d30284f8ddeb38d	3.00_Human_mito6	98.131	107	2	0	1	107	1	107	1.41e-50	187
1535a44c66f8850e6d30284f8ddeb38d	3.00_Human_mito5	98.131	107	2	0	1	107	1	107	1.41e-50	187
1535a44c66f8850e6d30284f8ddeb38d	3.00_Human_mito4	98.131	107	2	0	1	107	1	107	1.41e-50	187
1535a44c66f8850e6d30284f8ddeb38d	3.00_Human_mito3	98.131	107	2	0	1	107	1	107	1.41e-50	187
1535a44c66f8850e6d30284f8ddeb38d	3.00_Human_mito2	98.131	107	2	0	1	107	1	107	1.41e-50	187
0d61d4b7de48593109f5d112ed91948a	2.20_Cow_Bos_taurus	100.000	105	0	0	1	105	1	105	8.45e-53	195
0d61d4b7de48593109f5d112ed91948a	2.00_American_bison_Bison_bison	98.095	105	2	0	1	105	1	105	1.83e-49	183
8bcac42c0e9f575545cb56427d50243c	1.00_Cunner_Tautogolabrus_adspersus	99.057	106	1	0	1	106	1	106	1.08e-51	191
e36338bb30160fc2cda85df302c72551	1.00_Silver_hake_Merluccius_bilinearis	99.057	106	1	0	1	106	1	106	1.08e-51	191
4f02a2feb56172509da29f8985949238	1.20_Atlantic_salmon_Salmo_salar	100.000	106	0	0	1	106	1	106	2.32e-53	196
4f02a2feb56172509da29f8985949238	1.20_Atlantic_salmon_Salmo_salar(2)	99.057	106	1	0	1	106	1	106	1.08e-51	191
9b1cbc97eff7dc6af2c100d85526140f	3.50_Human_chromo10_PCDH15	100.000	99	0	0	2	100	1	99	1.71e-49	183
8726f0690748a0d7318c782029077e62	3.50_Human_numt_HSA524	100.000	101	0	0	1	101	1	101	1.32e-50	187
9a193f7029a33b9c5987ea89fb233370	2.20_Chicken	100.000	109	0	0	1	109	1	109	5.16e-55	202
06df2aa2b2571a57d610fb092eb4d636	1.00_Atlantic_mackerel_Scomber_scombrus	99.065	107	1	0	1	107	1	107	3.04e-52	193
be673ad467ff44bc0abd3bb295454550	1.00_Windowpane_flounder_Scophthalmos_aquosus	100.000	104	0	0	1	104	1	104	2.94e-52	193
86dd4f92c406429ace68c608b8836327	1.00_Atlantic_herring_Clupea_harengus	99.057	106	1	0	1	106	1	106	1.08e-51	191
3d31352a264c791e0b7998150b37350a	3.50_Human_numt_151	100.000	107	0	0	1	107	1	107	6.53e-54	198
a2cfc874a09bfe4e8137daa447811797	1.00_Northern_sand_lance_Ammodytes_dubius	99.057	106	1	0	1	106	1	106	1.08e-51	191
20c552946bddec6e3a8c03b5ee193596	2.20_Cat_Felis_catus	98.148	108	2	0	1	108	1	108	3.97e-51	189
bbd6b723329db44753870a56d15bdbd6	1.00_Acadian_redfish_Sebastes_fasciatus	100.000	106	0	0	1	106	1	106	2.32e-53	196
641b11078baeb27f675c93c3f58c18c5	1.00_Silver_hake_Merluccius_bilinearis	99.057	106	1	0	1	106	1	106	1.08e-51	191
2d0506c060ee125f6608b52f22e598b1	3.50_Human_chromo11_DYNCHH1	100.000	107	0	0	1	107	1	107	6.53e-54	198
306c99cefc380f66ec968cc0a350af7d	1.00_Winter_or_Yellowtail_flounder_Pseudopleuronectes_americanus_or_Pleuronectes_ferrugineus	100.000	104	0	0	1	104	1	104	3.01e-52	193
306c99cefc380f66ec968cc0a350af7d	1.00_Witch_flounder_Glyptocephalus_cynoglossus	99.038	104	1	0	1	104	1	104	1.40e-50	187
306c99cefc380f66ec968cc0a350af7d	1.00_Greenland_halibut_Reinhardtius_hippoglossoides	99.038	104	1	0	1	104	1	104	1.40e-50	187
306c99cefc380f66ec968cc0a350af7d	1.00_Atlantic_halibut_Hippoglossus_sp	98.077	104	2	0	1	104	1	104	6.51e-49	182
306c99cefc380f66ec968cc0a350af7d	1.00_American_plaice_Hippoglossoides_platessoides_also_matches_Winter_flounder_refseq	98.077	104	2	0	1	104	1	104	6.51e-49	182
ee3c408644b66e62dde706ff463f359a	1.00_Northern_sand_lance_Ammodytes_dubius	99.057	106	1	0	1	106	1	106	1.08e-51	191
33f566d48eceda3318f55ad51b963a6c	2.00_Canada_goose_other_geese_swans	98.148	108	2	0	1	108	1	108	3.97e-51	189
adefc778e0e09b2dec1a930e16d7c36f	3.50_Human_chromo_PCDH15partial	100.000	107	0	0	1	107	1	107	6.53e-54	198
df76da207c5ad330238a88ba919ca310	1.00_Silver_hake_Merluccius_bilinearis	99.057	106	1	0	1	106	1	106	1.08e-51	191
c19ef083c5d45da8c814431bd888a8a2	1.00_Red_White_or_Spotted_hake_sp_Urophycis_sp	99.065	107	1	0	1	107	1	107	3.04e-52	193
789c3558c73ed5654b562b424681009a	3.50_Human_chromo17_106I20	100.000	107	0	0	1	107	1	107	6.53e-54	198
789c3558c73ed5654b562b424681009a	3.50_Human_chromo4_AABC161701	98.131	107	2	0	1	107	1	107	1.41e-50	187
789c3558c73ed5654b562b424681009a	3.50_Human_chromo2_RP1185C8	98.131	107	2	0	1	107	1	107	1.41e-50	187
31f8f9da3175024bfae411460fa01790	1.00_Atlantic_herring_Clupea_harengus	99.057	106	1	0	1	106	1	106	1.08e-51	191
401ab1f9d3a2be09b54af81233c2cc55	3.00_Human_mito1	99.065	107	1	0	1	107	1	107	3.04e-52	193
401ab1f9d3a2be09b54af81233c2cc55	3.00_Human_mito6	98.131	107	2	0	1	107	1	107	1.41e-50	187
401ab1f9d3a2be09b54af81233c2cc55	3.00_Human_mito5	98.131	107	2	0	1	107	1	107	1.41e-50	187
401ab1f9d3a2be09b54af81233c2cc55	3.00_Human_mito4	98.131	107	2	0	1	107	1	107	1.41e-50	187
401ab1f9d3a2be09b54af81233c2cc55	3.00_Human_mito3	98.131	107	2	0	1	107	1	107	1.41e-50	187
401ab1f9d3a2be09b54af81233c2cc55	3.00_Human_mito2	98.131	107	2	0	1	107	1	107	1.41e-50	187
2a485cd03741c6fe6b14da2f20e691ff	3.00_Human_mito1	100.000	105	0	0	1	105	1	105	8.45e-53	195
2a485cd03741c6fe6b14da2f20e691ff	3.00_Human_mito6	99.048	105	1	0	1	105	1	105	3.93e-51	189
2a485cd03741c6fe6b14da2f20e691ff	3.00_Human_mito5	99.048	105	1	0	1	105	1	105	3.93e-51	189
2a485cd03741c6fe6b14da2f20e691ff	3.00_Human_mito4	99.048	105	1	0	1	105	1	105	3.93e-51	189
2a485cd03741c6fe6b14da2f20e691ff	3.00_Human_mito3	99.048	105	1	0	1	105	1	105	3.93e-51	189
2a485cd03741c6fe6b14da2f20e691ff	3.00_Human_mito2	100.000	102	0	0	1	102	1	102	3.93e-51	189
2a485cd03741c6fe6b14da2f20e691ff	2.50_Human_chromo_mutS_5	98.095	105	2	0	1	105	1	105	1.83e-49	183
975b1dbdc7405f6e27bf63893e91e0ed	1.00_Black_sea_bass_Centropristis_striata	100.000	106	0	0	1	106	1	106	2.32e-53	196
44f521c0cbfba36cb7f985a18d69577b	3.00_Human_mito1	99.065	107	1	0	1	107	1	107	3.04e-52	193
44f521c0cbfba36cb7f985a18d69577b	3.00_Human_mito6	98.131	107	2	0	1	107	1	107	1.41e-50	187
44f521c0cbfba36cb7f985a18d69577b	3.00_Human_mito5	98.131	107	2	0	1	107	1	107	1.41e-50	187
44f521c0cbfba36cb7f985a18d69577b	3.00_Human_mito4	98.131	107	2	0	1	107	1	107	1.41e-50	187
44f521c0cbfba36cb7f985a18d69577b	3.00_Human_mito3	98.131	107	2	0	1	107	1	107	1.41e-50	187
44f521c0cbfba36cb7f985a18d69577b	3.00_Human_mito2	98.131	107	2	0	1	107	1	107	1.41e-50	187
ff722317fc8461c7765347afe48ca18f	2.00_seal-species_hooded-seal_Cystophora-cristata_OR_grey-seal_Halichoerus-grypus_OR_harbor-seal_Phoca-vitulina	99.065	107	1	0	1	107	1	107	3.04e-52	193
ff722317fc8461c7765347afe48ca18f	2.00_ringed-seal_Pusa-hispida	98.131	107	2	0	1	107	1	107	1.41e-50	187
ff722317fc8461c7765347afe48ca18f	2.00_harp-seal_Phoca-groenlandica_ref1	98.131	107	2	0	1	107	1	107	1.41e-50	187
f73610d17b0a2ce64555d83d27983c1f	3.00_Human_mito1	99.065	107	1	0	1	107	1	107	3.04e-52	193
f73610d17b0a2ce64555d83d27983c1f	3.00_Human_mito6	98.131	107	2	0	1	107	1	107	1.41e-50	187
f73610d17b0a2ce64555d83d27983c1f	3.00_Human_mito5	98.131	107	2	0	1	107	1	107	1.41e-50	187
f73610d17b0a2ce64555d83d27983c1f	3.00_Human_mito4	98.131	107	2	0	1	107	1	107	1.41e-50	187
f73610d17b0a2ce64555d83d27983c1f	3.00_Human_mito3	98.131	107	2	0	1	107	1	107	1.41e-50	187
f73610d17b0a2ce64555d83d27983c1f	3.00_Human_mito2	98.131	107	2	0	1	107	1	107	1.41e-50	187
e5eb5c15e117588ec8aec266ddceaae3	1.00_Silver_hake_Merluccius_bilinearis	99.057	106	1	0	1	106	1	106	1.08e-51	191
3caae93eaa8222d3c3c82880d1ea3d6b	1.00_American_or_Pacific_sand_lance_Ammodytes_americanus_or_hexapterus	100.000	106	0	0	1	106	1	106	2.32e-53	196
f2760e1600329b2b78be25dbe1c16999	2.00_Humpback_whale	99.057	106	1	0	1	106	1	106	1.08e-51	191
5ba2f77a7b318006d24c282f23061229	1.00_Atlantic_herring_Clupea_harengus	99.057	106	1	0	1	106	1	106	1.08e-51	191
ebcbf9ef837b42d9ddb129e82ba6fd2d	1.00_American_anglerfish_Lophius_americanus	99.057	106	1	0	1	106	1	106	1.08e-51	191
fbd08b751c84c1880a08a18228b976e2	1.00_Northern_sand_lance_Ammodytes_dubius	99.057	106	1	0	1	106	1	106	1.08e-51	191
994df66afcd9c96e0d68046abf368d15	2.20_Dog_Canis_lupus_mito1	99.057	106	1	0	1	106	1	106	1.08e-51	191
994df66afcd9c96e0d68046abf368d15	2.20_Dog_mito2	98.113	106	2	0	1	106	1	106	5.03e-50	185
6355fde62598b54e1e3432e2332a4ba7	1.00_Atlantic_cod_and_haddock	99.057	106	1	0	1	106	1	106	1.08e-51	191
6355fde62598b54e1e3432e2332a4ba7	1.00_Pollock_Polachius_virens_or_Whiting_Merlangus_merlangus	98.113	106	2	0	1	106	1	106	5.03e-50	185
1f461b06555ff3db959ac24b56c94fa0	1.00_Silver_hake_Merluccius_bilinearis	99.057	106	1	0	1	106	1	106	1.08e-51	191
f76496e40e36502785559b7fe2ecbd1f	1.00_Cunner_Tautogolabrus_adspersus	99.057	106	1	0	1	106	1	106	1.08e-51	191
b72136b2b6af8e5c59222948cf769f8d	1.00_Silver_hake_Merluccius_bilinearis	99.057	106	1	0	1	106	1	106	1.08e-51	191
ae024b196413db95ce71175b2ddafea5	1.00_Red_White_or_Spotted_hake_sp_Urophycis_sp	99.065	107	1	0	1	107	1	107	3.04e-52	193
f5ea7050f3d2bbeb76e077d6fcc785c2	1.00_Northern_sand_lance_Ammodytes_dubius	99.057	106	1	0	1	106	1	106	1.08e-51	191
ff5bef13c9d0daec54ece8ebbd4b5377	1.00_Northern_sand_lance_Ammodytes_dubius	98.113	106	2	0	1	106	1	106	5.03e-50	185
28b5ffc6cff0efb20c3e13bf01f555af	1.00_American_butterfish_Peprilus_triacanthus	99.057	106	1	0	1	106	1	106	1.08e-51	191
0287d16946d3a5cf3bb502d5f6088ac8	3.00_Human_mito1	99.065	107	1	0	1	107	1	107	3.04e-52	193
0287d16946d3a5cf3bb502d5f6088ac8	3.00_Human_mito6	98.131	107	2	0	1	107	1	107	1.41e-50	187
0287d16946d3a5cf3bb502d5f6088ac8	3.00_Human_mito5	98.131	107	2	0	1	107	1	107	1.41e-50	187
0287d16946d3a5cf3bb502d5f6088ac8	3.00_Human_mito4	98.131	107	2	0	1	107	1	107	1.41e-50	187
0287d16946d3a5cf3bb502d5f6088ac8	3.00_Human_mito3	98.131	107	2	0	1	107	1	107	1.41e-50	187
0287d16946d3a5cf3bb502d5f6088ac8	3.00_Human_mito2	98.131	107	2	0	1	107	1	107	1.41e-50	187
16de09dbce953f9fed0846f679270d3a	3.50_Human_chromo_BACRP11755J8	99.065	107	1	0	1	107	1	107	3.04e-52	193
16de09dbce953f9fed0846f679270d3a	3.50_Human_chromo2_RP1185C8	98.131	107	2	0	1	107	1	107	1.41e-50	187
ba12035548528ec631f7fb7cfc84b0b6	2.20_Turkey_Meleagris_gallopavo	99.065	107	1	0	1	107	1	107	3.04e-52	193
db93f6f5694c523d8d193d9bcbc77a75	1.00_Atlantic_mackerel_Scomber_scombrus	99.065	107	1	0	1	107	1	107	3.04e-52	193
d764299314f90a3cdc4f8e4f6aff5f3a	3.50_Human_chromosome17_rp11646f1	99.065	107	1	0	1	107	1	107	3.04e-52	193
01fddebb1fe784a669f47c356f1e788b	1.00_Witch_flounder_Glyptocephalus_cynoglossus	99.057	106	1	0	1	106	1	106	1.08e-51	191
01fddebb1fe784a669f47c356f1e788b	1.00_Winter_or_Yellowtail_flounder_Pseudopleuronectes_americanus_or_Pleuronectes_ferrugineus	99.057	106	1	0	1	106	1	106	1.08e-51	191
01fddebb1fe784a669f47c356f1e788b	1.00_Greenland_halibut_Reinhardtius_hippoglossoides	98.113	106	2	0	1	106	1	106	5.03e-50	185
f16f7c5eee2adf0f1dc3b7be713af73a	1.00_Atlantic_mackerel_Scomber_scombrus	99.065	107	1	0	1	107	1	107	3.04e-52	193
f953066efe8f75b799b765ee588605ee	3.00_Human_mito1	100.000	106	0	0	2	107	2	107	2.35e-53	196
f953066efe8f75b799b765ee588605ee	3.00_Human_mito6	99.057	106	1	0	2	107	2	107	1.09e-51	191
f953066efe8f75b799b765ee588605ee	3.00_Human_mito5	99.057	106	1	0	2	107	2	107	1.09e-51	191
f953066efe8f75b799b765ee588605ee	3.00_Human_mito4	99.057	106	1	0	2	107	2	107	1.09e-51	191
f953066efe8f75b799b765ee588605ee	3.00_Human_mito3	99.057	106	1	0	2	107	2	107	1.09e-51	191
f953066efe8f75b799b765ee588605ee	3.00_Human_mito2	99.057	106	1	0	2	107	2	107	1.09e-51	191
f953066efe8f75b799b765ee588605ee	3.00_Human_mito7	98.113	106	2	0	2	107	2	107	5.09e-50	185
f953066efe8f75b799b765ee588605ee	2.50_Human_chromo_mutS_5	98.113	106	2	0	2	107	2	107	5.09e-50	185
d3fd621ceebbbfd380273b3865c1ede9	3.50_Human_chromosome1_659M14	100.000	107	0	0	1	107	1	107	6.53e-54	198
f392b65ac61ca907edf915aa1ad3b6c6	3.50_Human_chromo4_AABC161701	100.000	107	0	0	1	107	1	107	6.53e-54	198
f392b65ac61ca907edf915aa1ad3b6c6	3.50_Human_chromo2_RP1185C8	98.131	107	2	0	1	107	1	107	1.41e-50	187
f392b65ac61ca907edf915aa1ad3b6c6	3.50_Human_chromo17_106I20	98.131	107	2	0	1	107	1	107	1.41e-50	187
7ab0c7132e37d22edf53b5ba769c6b6b	1.00_sculpins_Cottidae_sp	100.000	105	0	0	2	106	2	106	8.36e-53	195
7ab0c7132e37d22edf53b5ba769c6b6b	1.00_mustache-sculpin_Triglops-murrayi__other-pacifc-sculpins	99.048	105	1	0	2	106	2	106	3.89e-51	189
7473e32088745a7bdfbfe933d566a6f7	1.00_Winter_or_Yellowtail_flounder_Pseudopleuronectes_americanus_or_Pleuronectes_ferrugineus	99.057	106	1	0	1	106	1	106	1.08e-51	191
7473e32088745a7bdfbfe933d566a6f7	1.00_Witch_flounder_Glyptocephalus_cynoglossus	98.113	106	2	0	1	106	1	106	5.03e-50	185
7473e32088745a7bdfbfe933d566a6f7	1.00_Greenland_halibut_Reinhardtius_hippoglossoides	98.113	106	2	0	1	106	1	106	5.03e-50	185
67501a2046b313629a349a1cd941f82f	3.50_Human_numt227	99.065	107	1	0	1	107	1	107	3.04e-52	193
e463e9d024d2e19861d91afa1f1d40ae	1.00_Northern_sand_lance_Ammodytes_dubius	98.113	106	2	0	1	106	1	106	5.03e-50	185
8b8c58598b9195c46b3d8c5633ee4004	1.00_Northern_sand_lance_Ammodytes_dubius	100.000	105	0	0	2	106	2	106	8.36e-53	195
d8007042a9362d7edd7af0e58c0f1f86	2.00_scopolis-shearwater_Calonectris-diomedea_OR_corys-shearwater_Calonectris-borealis	100.000	108	0	0	1	108	1	108	1.84e-54	200
d8007042a9362d7edd7af0e58c0f1f86	2.00_Great-Shearwater_Ardenna-gravis	99.074	108	1	0	1	108	1	108	8.54e-53	195
d8007042a9362d7edd7af0e58c0f1f86	2.00_shearwater-Puffinus-species__sooty-shearwater_Puffinus-griseus_OR_great-shearwater_Puffinus-gravis-shortRef	99.029	103	1	0	6	108	1	103	5.14e-50	185
468c992dafca33b06a017de4feef38a7	1.00_Cunner_Tautogolabrus_adspersus	99.057	106	1	0	1	106	1	106	1.08e-51	191
5402cf89efb964e51543eeb9c0ddda4e	3.50_Human_chromo17_RP1113L8b	99.057	106	1	0	1	106	1	106	1.08e-51	191
5402cf89efb964e51543eeb9c0ddda4e	3.50_Human_chromo17_RP1113L8	99.057	106	1	0	1	106	2	107	1.08e-51	191
926d1b9d67f65427da084e997ece55a7	1.00_Silver_hake_Merluccius_bilinearis	98.113	106	2	0	1	106	1	106	5.03e-50	185
e097ec8e447187fdeadfe7705dc2c3ee	1.00_Atlantic_mackerel_Scomber_scombrus	99.065	107	1	0	1	107	1	107	3.04e-52	193
ba360a9c42a6558cd9d02ac7f13e0fa9	1.00_Atlantic_mackerel_Scomber_scombrus	99.065	107	1	0	1	107	1	107	3.04e-52	193
f47defcff9bda5faa019e12adffe30ef	1.00_Winter_or_Yellowtail_flounder_Pseudopleuronectes_americanus_or_Pleuronectes_ferrugineus	99.057	106	1	0	1	106	1	106	1.08e-51	191
f47defcff9bda5faa019e12adffe30ef	1.00_Atlantic_halibut_Hippoglossus_sp	99.057	106	1	0	1	106	1	106	1.08e-51	191
f47defcff9bda5faa019e12adffe30ef	1.00_Witch_flounder_Glyptocephalus_cynoglossus	98.113	106	2	0	1	106	1	106	5.03e-50	185
f47defcff9bda5faa019e12adffe30ef	1.00_Greenland_halibut_Reinhardtius_hippoglossoides	98.113	106	2	0	1	106	1	106	5.03e-50	185
d9230df8d86f06db743d276062a38258	3.50_Human_chromo22_CH17297A18	100.000	107	0	0	1	107	1	107	6.53e-54	198
dd534533ffe45d70af844b4ddacbbc6d	3.00_Human_mito1	98.131	107	2	0	1	107	1	107	1.41e-50	187
c1a608acd1ed5b2367a74544df9339d4	1.00_Cunner_Tautogolabrus_adspersus	98.113	106	2	0	1	106	1	106	5.03e-50	185
d06c76c9cc6e8973976733d7331617d8	3.50_Human_chromo8_RP11101E19	100.000	106	0	0	1	106	1	106	2.32e-53	196
54fd4154bdb8eda3b50d05f4d486fca3	1.10_Atlantic_menhaden_LS15_Brevoortia_tyrannus	100.000	104	0	0	3	106	3	106	3.01e-52	193
54fd4154bdb8eda3b50d05f4d486fca3	1.00_Atlantic_menhaden_Brevoortia_tyrannus_LS17	99.038	104	1	0	3	106	3	106	1.40e-50	187
54fd4154bdb8eda3b50d05f4d486fca3	1.00_Atlantic_menhaden_LS16_or_river_herrings_Clupeidae_sp	98.077	104	2	0	3	106	3	106	6.51e-49	182
989013af2395aea06e80451cf08681fa	3.50_Human_chromosome2_rp11190J23	100.000	107	0	0	1	107	1	107	6.53e-54	198
