6a9c2d5770b6e78ca3450f62d67b08fc	gi|959122927|ref|NC_028530.1|	N/A	184215	100.000	106	0	0	1	106	505	610	6.39e-46	196
6a9c2d5770b6e78ca3450f62d67b08fc	gi|959122913|ref|NC_028529.1|	N/A	1266862	100.000	106	0	0	1	106	505	610	6.39e-46	196
28e394867578f85b7855d2f9e4df951b	gi|1129799449|gb|KX686071.1|	N/A	35579	100.000	106	0	0	1	106	192	297	6.39e-46	196
28e394867578f85b7855d2f9e4df951b	gi|2580315227|gb|OR582685.1|	N/A	35579	100.000	106	0	0	1	106	511	616	6.39e-46	196
57e83a29cfecdba4509d02c3e9d610a3	gi|1515576548|gb|MH377833.1|	N/A	79698	100.000	106	0	0	1	106	193	298	6.39e-46	196
57e83a29cfecdba4509d02c3e9d610a3	gi|2571476436|gb|OR499725.1|	N/A	79698	100.000	106	0	0	1	106	1461	1566	6.39e-46	196
a4bfec56d00b2741e09bd9ec98bd80ae	gi|2579699164|ref|NC_082550.1|	N/A	224718	100.000	106	0	0	1	106	507	612	6.39e-46	196
a4bfec56d00b2741e09bd9ec98bd80ae	gi|117671443|gb|DQ912042.1|	N/A	224718	100.000	106	0	0	1	106	158	263	6.39e-46	196
ea364c182199815b78fc2630a9b4d6be	gi|2710599439|gb|PP579598.1|	N/A	9606	100.000	107	0	0	1	107	1093	1199	1.80e-46	198
ea364c182199815b78fc2630a9b4d6be	gi|2708481124|gb|PP565796.1|	N/A	9606	100.000	107	0	0	1	107	1088	1194	1.80e-46	198
ea364c182199815b78fc2630a9b4d6be	gi|2672419296|gb|PP302047.1|	N/A	9606	100.000	107	0	0	1	107	1093	1199	1.80e-46	198
ea364c182199815b78fc2630a9b4d6be	gi|2672142385|gb|PP273096.1|	N/A	9606	100.000	107	0	0	1	107	1085	1191	1.80e-46	198
ea364c182199815b78fc2630a9b4d6be	gi|2672142371|gb|PP273095.1|	N/A	9606	100.000	107	0	0	1	107	1087	1193	1.80e-46	198
ea364c182199815b78fc2630a9b4d6be	gi|2672142357|gb|PP273094.1|	N/A	9606	100.000	107	0	0	1	107	1086	1192	1.80e-46	198
ea364c182199815b78fc2630a9b4d6be	gi|2672142343|gb|PP273093.1|	N/A	9606	100.000	107	0	0	1	107	1087	1193	1.80e-46	198
ea364c182199815b78fc2630a9b4d6be	gi|2672142329|gb|PP273092.1|	N/A	9606	100.000	107	0	0	1	107	1086	1192	1.80e-46	198
ea364c182199815b78fc2630a9b4d6be	gi|2672142315|gb|PP273091.1|	N/A	9606	100.000	107	0	0	1	107	1083	1189	1.80e-46	198
ea364c182199815b78fc2630a9b4d6be	gi|2672142301|gb|PP273090.1|	N/A	9606	100.000	107	0	0	1	107	1089	1195	1.80e-46	198
bf509309733cfe62da0a2970c467cff2	gi|2669693335|gb|PP278988.1|	N/A	9606	100.000	107	0	0	1	107	1088	1194	1.80e-46	198
bf509309733cfe62da0a2970c467cff2	gi|2647484158|gb|PP084258.1|	N/A	9606	100.000	107	0	0	1	107	1087	1193	1.80e-46	198
bf509309733cfe62da0a2970c467cff2	gi|2647484116|gb|PP084255.1|	N/A	9606	100.000	107	0	0	1	107	1089	1195	1.80e-46	198
bf509309733cfe62da0a2970c467cff2	gi|2647484102|gb|PP084254.1|	N/A	9606	100.000	107	0	0	1	107	1088	1194	1.80e-46	198
bf509309733cfe62da0a2970c467cff2	gi|2647483990|gb|PP084246.1|	N/A	9606	100.000	107	0	0	1	107	1088	1194	1.80e-46	198
bf509309733cfe62da0a2970c467cff2	gi|2647483276|gb|PP084195.1|	N/A	9606	100.000	107	0	0	1	107	1088	1194	1.80e-46	198
bf509309733cfe62da0a2970c467cff2	gi|2645633952|gb|PP048941.1|	N/A	9606	100.000	107	0	0	1	107	1086	1192	1.80e-46	198
bf509309733cfe62da0a2970c467cff2	gi|2603355529|gb|OR643892.1|	N/A	9606	100.000	107	0	0	1	107	1087	1193	1.80e-46	198
bf509309733cfe62da0a2970c467cff2	gi|2571034251|gb|OR438607.1|	N/A	9606	100.000	107	0	0	1	107	1089	1195	1.80e-46	198
bf509309733cfe62da0a2970c467cff2	gi|2571034083|gb|OR438595.1|	N/A	9606	100.000	107	0	0	1	107	1090	1196	1.80e-46	198
b98d245c042075fa94c4a01ffd4f9db8	gi|1139379228|dbj|AP012947.1|	N/A	1262610	100.000	106	0	0	1	106	506	611	6.39e-46	196
b98d245c042075fa94c4a01ffd4f9db8	gi|1129799454|gb|KX686076.1|	N/A	183653	100.000	106	0	0	1	106	189	294	6.39e-46	196
b98d245c042075fa94c4a01ffd4f9db8	gi|2580315199|gb|OR582683.1|	N/A	183653	100.000	106	0	0	1	106	316	421	6.39e-46	196
b98d245c042075fa94c4a01ffd4f9db8	gi|2580277553|gb|OP056924.2|	N/A	1262610	100.000	106	0	0	1	106	506	611	6.39e-46	196
b98d245c042075fa94c4a01ffd4f9db8	gi|2529339114|gb|OR224436.1|	N/A	1262610	100.000	106	0	0	1	106	269	374	6.39e-46	196
b98d245c042075fa94c4a01ffd4f9db8	gi|2529339112|gb|OR224435.1|	N/A	1262610	100.000	106	0	0	1	106	269	374	6.39e-46	196
1186c621e048e637a49024762b3750e7	gi|2616782199|emb|OY755015.1|	N/A	27771	100.000	106	0	0	1	106	506	611	6.39e-46	196
1186c621e048e637a49024762b3750e7	gi|2571476604|gb|OR499737.1|	N/A	195617	100.000	106	0	0	1	106	506	611	6.39e-46	196
1186c621e048e637a49024762b3750e7	gi|2571476520|gb|OR499731.1|	N/A	641111	100.000	106	0	0	1	106	506	611	6.39e-46	196
1186c621e048e637a49024762b3750e7	gi|2569353389|gb|OR482580.1|	N/A	172659	100.000	106	0	0	1	106	506	611	6.39e-46	196
1186c621e048e637a49024762b3750e7	gi|2587926887|ref|NC_082812.1|	N/A	433389	100.000	106	0	0	1	106	506	611	6.39e-46	196
1186c621e048e637a49024762b3750e7	gi|2587926803|ref|NC_082806.1|	N/A	195639	100.000	106	0	0	1	106	506	611	6.39e-46	196
1186c621e048e637a49024762b3750e7	gi|2587926480|ref|NC_082783.1|	N/A	1402070	100.000	106	0	0	1	106	506	611	6.39e-46	196
1186c621e048e637a49024762b3750e7	gi|2587926298|ref|NC_082770.1|	N/A	641108	100.000	106	0	0	1	106	506	611	6.39e-46	196
1186c621e048e637a49024762b3750e7	gi|2587926270|ref|NC_082768.1|	N/A	641109	100.000	106	0	0	1	106	506	611	6.39e-46	196
1186c621e048e637a49024762b3750e7	gi|2587926088|ref|NC_082755.1|	N/A	195623	100.000	106	0	0	1	106	506	611	6.39e-46	196
08bd987bd944513cc896ab3b3c3eed38	gi|1515576538|gb|MH377823.1|	N/A	183651	100.000	106	0	0	1	106	193	298	6.39e-46	196
08bd987bd944513cc896ab3b3c3eed38	gi|2580281830|gb|OP056997.2|	N/A	183651	100.000	106	0	0	1	106	507	612	6.39e-46	196
9e985443e4cd6cdec8bd0d1d325c53d9	gi|1825511901|gb|MT103927.1|	N/A	183657	100.000	107	0	0	1	107	256	362	1.80e-46	198
9e985443e4cd6cdec8bd0d1d325c53d9	gi|2580315213|gb|OR582684.1|	N/A	630692	100.000	107	0	0	1	107	505	611	1.80e-46	198
9e985443e4cd6cdec8bd0d1d325c53d9	gi|2580283387|gb|OP057106.2|	N/A	183656	100.000	107	0	0	1	107	507	613	1.80e-46	198
9e985443e4cd6cdec8bd0d1d325c53d9	gi|227463873|gb|FJ215093.1|	N/A	183656	100.000	107	0	0	1	107	156	262	1.80e-46	198
9e985443e4cd6cdec8bd0d1d325c53d9	gi|227463872|gb|FJ215092.1|	N/A	183657	100.000	107	0	0	1	107	156	262	1.80e-46	198
9e985443e4cd6cdec8bd0d1d325c53d9	gi|227463871|gb|FJ215091.1|	N/A	630692	100.000	107	0	0	1	107	155	261	1.80e-46	198
c9bb5d5fc530c1dca2f73a53bb77141c	gi|2456436690|gb|OQ210177.1|	N/A	8049	100.000	106	0	0	1	106	511	616	6.39e-46	196
c9bb5d5fc530c1dca2f73a53bb77141c	gi|2456436676|gb|OQ210176.1|	N/A	8049	100.000	106	0	0	1	106	511	616	6.39e-46	196
c9bb5d5fc530c1dca2f73a53bb77141c	gi|2456436662|gb|OQ210175.1|	N/A	8049	100.000	106	0	0	1	106	511	616	6.39e-46	196
c9bb5d5fc530c1dca2f73a53bb77141c	gi|2456436648|gb|OQ210174.1|	N/A	8049	100.000	106	0	0	1	106	511	616	6.39e-46	196
c9bb5d5fc530c1dca2f73a53bb77141c	gi|2456436634|gb|OQ210173.1|	N/A	8049	100.000	106	0	0	1	106	511	616	6.39e-46	196
c9bb5d5fc530c1dca2f73a53bb77141c	gi|2456436620|gb|OQ210172.1|	N/A	8049	100.000	106	0	0	1	106	511	616	6.39e-46	196
c9bb5d5fc530c1dca2f73a53bb77141c	gi|2456436606|gb|OQ210171.1|	N/A	8049	100.000	106	0	0	1	106	511	616	6.39e-46	196
c9bb5d5fc530c1dca2f73a53bb77141c	gi|2456436592|gb|OQ210170.1|	N/A	8049	100.000	106	0	0	1	106	511	616	6.39e-46	196
c9bb5d5fc530c1dca2f73a53bb77141c	gi|2456436578|gb|OQ210169.1|	N/A	8049	100.000	106	0	0	1	106	512	617	6.39e-46	196
c9bb5d5fc530c1dca2f73a53bb77141c	gi|2456436564|gb|OQ210168.1|	N/A	8049	100.000	106	0	0	1	106	511	616	6.39e-46	196
80b85e59cacd34b78608c1ae7eef2c61	gi|1129799476|gb|KX686098.1|	N/A	8078	100.000	105	0	0	1	105	190	294	2.27e-45	195
80b85e59cacd34b78608c1ae7eef2c61	gi|1129799470|gb|KX686092.1|	N/A	8078	100.000	105	0	0	1	105	190	294	2.27e-45	195
80b85e59cacd34b78608c1ae7eef2c61	gi|1129799469|gb|KX686091.1|	N/A	8078	100.000	105	0	0	1	105	190	294	2.27e-45	195
80b85e59cacd34b78608c1ae7eef2c61	gi|1129799455|gb|KX686077.1|	N/A	8078	100.000	105	0	0	1	105	190	294	2.27e-45	195
80b85e59cacd34b78608c1ae7eef2c61	gi|972385447|gb|KT869378.1|	N/A	8078	100.000	105	0	0	1	105	506	610	2.27e-45	195
80b85e59cacd34b78608c1ae7eef2c61	gi|225622209|ref|NC_012312.1|	N/A	8078	100.000	105	0	0	1	105	506	610	2.27e-45	195
80b85e59cacd34b78608c1ae7eef2c61	gi|215511548|gb|FJ445401.1|	N/A	8078	100.000	105	0	0	1	105	506	610	2.27e-45	195
80b85e59cacd34b78608c1ae7eef2c61	gi|215511534|gb|FJ445400.1|	N/A	8078	100.000	105	0	0	1	105	506	610	2.27e-45	195
80b85e59cacd34b78608c1ae7eef2c61	gi|215511520|gb|FJ445399.1|	N/A	8078	100.000	105	0	0	1	105	506	610	2.27e-45	195
80b85e59cacd34b78608c1ae7eef2c61	gi|215511506|gb|FJ445398.1|	N/A	8078	100.000	105	0	0	1	105	506	610	2.27e-45	195
f330e9fc8ac0b4fa01bf42c732e0c211	gi|1515576525|gb|MH377810.1|	N/A	175273	100.000	106	0	0	1	106	191	296	6.39e-46	196
f330e9fc8ac0b4fa01bf42c732e0c211	gi|1067908745|gb|KX364159.1|	N/A	175273	100.000	106	0	0	1	106	5085	5190	6.39e-46	196
f330e9fc8ac0b4fa01bf42c732e0c211	gi|2329468246|gb|OP057008.1|	N/A	80640	100.000	106	0	0	1	106	504	609	6.39e-46	196
f330e9fc8ac0b4fa01bf42c732e0c211	gi|2329468226|gb|OP056988.1|	N/A	175273	100.000	106	0	0	1	106	503	608	6.39e-46	196
f330e9fc8ac0b4fa01bf42c732e0c211	gi|2282237305|gb|OP154145.1|	N/A	80640	100.000	106	0	0	1	106	431	536	6.39e-46	196
f330e9fc8ac0b4fa01bf42c732e0c211	gi|4808968|gb|AF128401.1|AF128401	N/A	80640	100.000	104	0	0	3	106	19	122	8.27e-45	193
b4f42eade7a87f2cd8f3968640d83f97	gi|1002165977|ref|NC_029476.1|	N/A	66718	100.000	106	0	0	1	106	506	611	6.39e-46	196
b4f42eade7a87f2cd8f3968640d83f97	gi|2088257945|ref|NC_057273.1|	N/A	455156	100.000	106	0	0	1	106	507	612	6.39e-46	196
b4f42eade7a87f2cd8f3968640d83f97	gi|22532261|gb|AF488501.1|	N/A	66718	100.000	106	0	0	1	106	438	543	6.39e-46	196
be673ad467ff44bc0abd3bb295454550	gi|1825511898|gb|MT103925.1|	N/A	183654	100.000	104	0	0	1	104	281	384	8.03e-45	193
be673ad467ff44bc0abd3bb295454550	gi|1515576482|gb|MH377767.1|	N/A	183654	100.000	104	0	0	1	104	192	295	8.03e-45	193
be673ad467ff44bc0abd3bb295454550	gi|2329468229|gb|OP056991.1|	N/A	183654	100.000	104	0	0	1	104	506	609	8.03e-45	193
4feb4cae27c142cc61d49716415710bb	gi|1790166973|dbj|AP006829.1|	N/A	8228	100.000	106	0	0	1	106	506	611	6.39e-46	196
4feb4cae27c142cc61d49716415710bb	gi|1139379214|dbj|AP012946.1|	N/A	8227	100.000	106	0	0	1	106	507	612	6.39e-46	196
4feb4cae27c142cc61d49716415710bb	gi|2580278232|gb|OP057037.2|	N/A	507566	100.000	106	0	0	1	106	507	612	6.39e-46	196
4feb4cae27c142cc61d49716415710bb	gi|733386660|ref|NC_025934.1|	N/A	8227	100.000	106	0	0	1	106	507	612	6.39e-46	196
4feb4cae27c142cc61d49716415710bb	gi|2261422308|gb|ON889559.1|	N/A	8227	100.000	106	0	0	1	106	2	107	6.39e-46	196
4feb4cae27c142cc61d49716415710bb	gi|2165127975|gb|MW232429.1|	N/A	8226	100.000	106	0	0	1	106	507	612	6.39e-46	196
4feb4cae27c142cc61d49716415710bb	gi|2165127933|gb|MW232426.1|	N/A	8226	100.000	106	0	0	1	106	507	612	6.39e-46	196
4feb4cae27c142cc61d49716415710bb	gi|2165127905|gb|MW232424.1|	N/A	8228	100.000	106	0	0	1	106	506	611	6.39e-46	196
4feb4cae27c142cc61d49716415710bb	gi|2165127891|gb|MW232423.1|	N/A	8227	100.000	106	0	0	1	106	507	612	6.39e-46	196
4feb4cae27c142cc61d49716415710bb	gi|2165127877|gb|MW232422.1|	N/A	8227	100.000	106	0	0	1	106	507	612	6.39e-46	196
8961e2d14d8b0510763256de80a000a2	gi|2370815366|gb|OP931011.1|	N/A	1482977	100.000	106	0	0	1	106	195	300	6.39e-46	196
8961e2d14d8b0510763256de80a000a2	gi|2370815365|gb|OP931010.1|	N/A	1482977	100.000	106	0	0	1	106	195	300	6.39e-46	196
8961e2d14d8b0510763256de80a000a2	gi|2591501437|gb|OR552018.1|	N/A	411573	100.000	106	0	0	1	106	318	423	6.39e-46	196
8961e2d14d8b0510763256de80a000a2	gi|2329468243|gb|OP057005.1|	N/A	329022	100.000	106	0	0	1	106	506	611	6.39e-46	196
8961e2d14d8b0510763256de80a000a2	gi|2514521491|gb|OR094922.1|	N/A	34774	100.000	106	0	0	1	106	428	533	6.39e-46	196
8961e2d14d8b0510763256de80a000a2	gi|2514521488|gb|OR094921.1|	N/A	34774	100.000	106	0	0	1	106	435	540	6.39e-46	196
8961e2d14d8b0510763256de80a000a2	gi|2514521486|gb|OR094920.1|	N/A	34774	100.000	106	0	0	1	106	427	532	6.39e-46	196
8961e2d14d8b0510763256de80a000a2	gi|2514521484|gb|OR094919.1|	N/A	34774	100.000	106	0	0	1	106	433	538	6.39e-46	196
8961e2d14d8b0510763256de80a000a2	gi|2514521482|gb|OR094918.1|	N/A	34774	100.000	106	0	0	1	106	437	542	6.39e-46	196
8961e2d14d8b0510763256de80a000a2	gi|2514521479|gb|OR094917.1|	N/A	34774	100.000	106	0	0	1	106	325	430	6.39e-46	196
bcbd43d985c17b122ecef7c3c46ae4d1	gi|2700651514|gb|PP032998.1|	N/A	75034	100.000	108	0	0	1	108	514	621	5.08e-47	200
bcbd43d985c17b122ecef7c3c46ae4d1	gi|546144441|ref|NC_022507.1|	N/A	75034	100.000	108	0	0	1	108	514	621	5.08e-47	200
bcbd43d985c17b122ecef7c3c46ae4d1	gi|227462452|gb|FJ374791.1|	N/A	75034	100.000	108	0	0	1	108	445	552	5.08e-47	200
bcbd43d985c17b122ecef7c3c46ae4d1	gi|4494767|gb|AF055591.1|AF055591	N/A	75034	100.000	108	0	0	1	108	468	575	5.08e-47	200
4c5905c5ab539613d9c3069d0ae54188	gi|2707805407|gb|OQ924188.2|	N/A	9913	100.000	107	0	0	1	107	863	969	1.80e-46	198
4c5905c5ab539613d9c3069d0ae54188	gi|2707805403|gb|OQ924182.2|	N/A	9913	100.000	107	0	0	1	107	863	969	1.80e-46	198
4c5905c5ab539613d9c3069d0ae54188	gi|2698116971|gb|OQ924187.1|	N/A	9913	100.000	107	0	0	1	107	863	969	1.80e-46	198
4c5905c5ab539613d9c3069d0ae54188	gi|2698116957|gb|OQ924186.1|	N/A	9913	100.000	107	0	0	1	107	863	969	1.80e-46	198
4c5905c5ab539613d9c3069d0ae54188	gi|2698116943|gb|OQ924185.1|	N/A	9913	100.000	107	0	0	1	107	863	969	1.80e-46	198
4c5905c5ab539613d9c3069d0ae54188	gi|2698116929|gb|OQ924184.1|	N/A	9913	100.000	107	0	0	1	107	863	969	1.80e-46	198
4c5905c5ab539613d9c3069d0ae54188	gi|2698116887|gb|OQ924181.1|	N/A	9913	100.000	107	0	0	1	107	863	969	1.80e-46	198
4c5905c5ab539613d9c3069d0ae54188	gi|2689264428|gb|OR639848.1|	N/A	9915	100.000	107	0	0	1	107	13494	13600	1.80e-46	198
4c5905c5ab539613d9c3069d0ae54188	gi|2656632396|gb|PP155642.1|	N/A	9913	100.000	107	0	0	1	107	864	970	1.80e-46	198
4c5905c5ab539613d9c3069d0ae54188	gi|2647229902|emb|OY997260.1|	N/A	9913	100.000	107	0	0	1	107	3511	3617	1.80e-46	198
0c345c9a2aa92abab556aa04441cf718	gi|1129799464|gb|KX686086.1|	N/A	224708	100.000	106	0	0	1	106	195	300	6.39e-46	196
0c345c9a2aa92abab556aa04441cf718	gi|2329468251|gb|OP057013.1|	N/A	224707	100.000	106	0	0	1	106	506	611	6.39e-46	196
0c345c9a2aa92abab556aa04441cf718	gi|299823704|ref|NC_014266.1|	N/A	224708	100.000	106	0	0	1	106	506	611	6.39e-46	196
0c345c9a2aa92abab556aa04441cf718	gi|117671435|gb|DQ912034.1|	N/A	224708	100.000	106	0	0	1	106	159	264	6.39e-46	196
2c9521bc9659f75133d08270bc0050e0	gi|2580316241|gb|OR575551.1|	N/A	129043	100.000	106	0	0	1	106	506	611	6.39e-46	196
2c9521bc9659f75133d08270bc0050e0	gi|16267046|dbj|AP002932.1|	N/A	129043	100.000	106	0	0	1	106	506	611	6.39e-46	196
2c9521bc9659f75133d08270bc0050e0	gi|62005689|dbj|AB188689.1|	N/A	129043	100.000	101	0	0	6	106	1	101	3.85e-43	187
7ec4dbc3399f639d994fdc65a1b6810e	gi|1129799475|gb|KX686097.1|	N/A	202602	100.000	106	0	0	1	106	191	296	6.39e-46	196
7ec4dbc3399f639d994fdc65a1b6810e	gi|1129799473|gb|KX686095.1|	N/A	202602	100.000	106	0	0	1	106	191	296	6.39e-46	196
7ec4dbc3399f639d994fdc65a1b6810e	gi|2030285393|gb|MW630160.1|	N/A	202602	100.000	106	0	0	1	106	436	541	6.39e-46	196
7ec4dbc3399f639d994fdc65a1b6810e	gi|194351318|gb|EU601223.1|	N/A	202602	100.000	106	0	0	1	106	457	562	6.39e-46	196
7ec4dbc3399f639d994fdc65a1b6810e	gi|33569527|gb|AY279648.1|	N/A	202602	100.000	106	0	0	1	106	438	543	6.39e-46	196
90781ed131f662c3e5517f2b027624ba	gi|1788585357|gb|MN883204.1|	N/A	1231344	100.000	107	0	0	1	107	192	298	1.80e-46	198
90781ed131f662c3e5517f2b027624ba	gi|1788585354|gb|MN883203.1|	N/A	1231344	100.000	107	0	0	1	107	192	298	1.80e-46	198
90781ed131f662c3e5517f2b027624ba	gi|2587933576|ref|NC_083038.1|	N/A	1231344	100.000	107	0	0	1	107	504	610	1.80e-46	198
247d1f166656cbbaaeee912195290ae2	gi|1358104095|gb|MF409243.1|	N/A	9770	100.000	106	0	0	1	106	515	620	6.39e-46	196
247d1f166656cbbaaeee912195290ae2	gi|507590662|gb|KC572860.1|	N/A	9770	100.000	106	0	0	1	106	1444	1549	6.39e-46	196
247d1f166656cbbaaeee912195290ae2	gi|507590648|gb|KC572859.1|	N/A	9770	100.000	106	0	0	1	106	1444	1549	6.39e-46	196
247d1f166656cbbaaeee912195290ae2	gi|507590606|gb|KC572856.1|	N/A	9770	100.000	106	0	0	1	106	1444	1549	6.39e-46	196
247d1f166656cbbaaeee912195290ae2	gi|507590228|gb|KC572829.1|	N/A	9770	100.000	106	0	0	1	106	1444	1549	6.39e-46	196
247d1f166656cbbaaeee912195290ae2	gi|507590214|gb|KC572828.1|	N/A	9770	100.000	106	0	0	1	106	1444	1549	6.39e-46	196
247d1f166656cbbaaeee912195290ae2	gi|507590200|gb|KC572827.1|	N/A	9770	100.000	106	0	0	1	106	1444	1549	6.39e-46	196
247d1f166656cbbaaeee912195290ae2	gi|507590186|gb|KC572826.1|	N/A	9770	100.000	106	0	0	1	106	1444	1549	6.39e-46	196
247d1f166656cbbaaeee912195290ae2	gi|507590172|gb|KC572825.1|	N/A	9770	100.000	106	0	0	1	106	1444	1549	6.39e-46	196
247d1f166656cbbaaeee912195290ae2	gi|1878254290|gb|MT410921.1|	N/A	9770	100.000	106	0	0	1	106	515	620	6.39e-46	196
3c506a1e3e37182931687be18414a6a3	gi|2647227870|emb|OY997226.1|	N/A	9823	100.000	106	0	0	1	106	1663	1768	6.39e-46	196
3c506a1e3e37182931687be18414a6a3	gi|2566847245|gb|OR397962.1|	N/A	9823	100.000	106	0	0	1	106	509	614	6.39e-46	196
3c506a1e3e37182931687be18414a6a3	gi|2566847231|gb|OR397961.1|	N/A	9823	100.000	106	0	0	1	106	509	614	6.39e-46	196
3c506a1e3e37182931687be18414a6a3	gi|2563111928|gb|OR268693.1|	N/A	9823	100.000	106	0	0	1	106	509	614	6.39e-46	196
3c506a1e3e37182931687be18414a6a3	gi|2563111914|gb|OR268692.1|	N/A	9823	100.000	106	0	0	1	106	509	614	6.39e-46	196
3c506a1e3e37182931687be18414a6a3	gi|2561340873|gb|OR260477.1|	N/A	9823	100.000	106	0	0	1	106	509	614	6.39e-46	196
3c506a1e3e37182931687be18414a6a3	gi|2561340859|gb|OR260476.1|	N/A	9823	100.000	106	0	0	1	106	509	614	6.39e-46	196
3c506a1e3e37182931687be18414a6a3	gi|2561340430|gb|OR255999.1|	N/A	9823	100.000	106	0	0	1	106	508	613	6.39e-46	196
3c506a1e3e37182931687be18414a6a3	gi|2519026283|pdb|8OIN|AA	N/A	9823	100.000	106	0	0	1	106	437	542	6.39e-46	196
3c506a1e3e37182931687be18414a6a3	gi|2512647706|gb|OQ689020.1|	N/A	9823	100.000	106	0	0	1	106	15808	15703	6.39e-46	196
d26fe7b35e96761f43efea7dd9e9d99f	gi|2714808865|gb|PP620799.1|	N/A	7938	100.000	106	0	0	1	106	199	304	6.39e-46	196
d26fe7b35e96761f43efea7dd9e9d99f	gi|2715322108|ref|NC_087905.1|	N/A	7940	100.000	106	0	0	1	106	506	611	6.39e-46	196
d26fe7b35e96761f43efea7dd9e9d99f	gi|2370815386|gb|OP931026.1|	N/A	7936	100.000	106	0	0	1	106	193	298	6.39e-46	196
d26fe7b35e96761f43efea7dd9e9d99f	gi|2370815383|gb|OP931024.1|	N/A	7936	100.000	106	0	0	1	106	193	298	6.39e-46	196
d26fe7b35e96761f43efea7dd9e9d99f	gi|2187163219|emb|OV522634.1|	N/A	7936	100.000	106	0	0	1	106	670	565	6.39e-46	196
d26fe7b35e96761f43efea7dd9e9d99f	gi|2187163218|emb|OV522633.1|	N/A	7936	100.000	106	0	0	1	106	662	557	6.39e-46	196
d26fe7b35e96761f43efea7dd9e9d99f	gi|2018537048|gb|MW818209.1|	N/A	7936	100.000	106	0	0	1	106	437	542	6.39e-46	196
d26fe7b35e96761f43efea7dd9e9d99f	gi|2018537047|gb|MW818208.1|	N/A	7936	100.000	106	0	0	1	106	437	542	6.39e-46	196
d26fe7b35e96761f43efea7dd9e9d99f	gi|1935001826|gb|MT667251.1|	N/A	7938	100.000	106	0	0	1	106	505	610	6.39e-46	196
d26fe7b35e96761f43efea7dd9e9d99f	gi|1898139908|gb|MT410930.1|	N/A	7936	100.000	106	0	0	1	106	507	612	6.39e-46	196
641bcfcf840a10f05ff148673284c4bb	gi|1825511891|gb|MT103919.1|	N/A	255718	100.000	106	0	0	1	106	281	386	6.39e-46	196
641bcfcf840a10f05ff148673284c4bb	gi|1825511890|gb|MT103918.1|	N/A	255718	100.000	106	0	0	1	106	281	386	6.39e-46	196
641bcfcf840a10f05ff148673284c4bb	gi|1825511889|gb|MT103917.1|	N/A	255718	100.000	106	0	0	1	106	281	386	6.39e-46	196
641bcfcf840a10f05ff148673284c4bb	gi|1790179584|dbj|LC493925.1|	N/A	1642177	100.000	106	0	0	1	106	505	610	6.39e-46	196
641bcfcf840a10f05ff148673284c4bb	gi|1327757072|gb|MG718032.1|	N/A	1642177	100.000	106	0	0	1	106	506	611	6.39e-46	196
641bcfcf840a10f05ff148673284c4bb	gi|2580315378|gb|OR582696.1|	N/A	255718	100.000	106	0	0	1	106	14731	14836	6.39e-46	196
641bcfcf840a10f05ff148673284c4bb	gi|2235262592|ref|NC_063119.1|	N/A	1042647	100.000	106	0	0	1	106	13688	13793	6.39e-46	196
ed00c11476e9a07d3441cb0a1073d3ab	gi|2329468042|gb|OP056804.1|	N/A	195611	100.000	107	0	0	1	107	505	611	1.80e-46	198
ed00c11476e9a07d3441cb0a1073d3ab	gi|2587933730|ref|NC_083050.1|	N/A	319775	100.000	107	0	0	1	107	504	610	1.80e-46	198
ed00c11476e9a07d3441cb0a1073d3ab	gi|22532262|gb|AF488502.1|	N/A	195611	100.000	107	0	0	1	107	436	542	1.80e-46	198
0af1b78539821a4e5d01d9e3f0a4431d	gi|1358104137|gb|MF409246.1|	N/A	9773	100.000	106	0	0	1	106	514	619	6.39e-46	196
0af1b78539821a4e5d01d9e3f0a4431d	gi|2710387203|gb|PP475430.1|	N/A	9773	100.000	106	0	0	1	106	514	619	6.39e-46	196
0af1b78539821a4e5d01d9e3f0a4431d	gi|62184326|ref|NC_006927.1|	N/A	9773	100.000	106	0	0	1	106	514	619	6.39e-46	196
0af1b78539821a4e5d01d9e3f0a4431d	gi|12700648|gb|AY012141.1|	N/A	9773	100.000	106	0	0	1	106	437	542	6.39e-46	196
e7240a28d05a52722a7570029c9a880b	gi|1690489555|gb|MK280465.1|	N/A	9606	100.000	107	0	0	1	107	15	121	1.80e-46	198
e7240a28d05a52722a7570029c9a880b	gi|1781324096|gb|MN298197.1|	N/A	9606	100.000	107	0	0	1	107	235	129	1.80e-46	198
e7240a28d05a52722a7570029c9a880b	gi|1781322931|gb|MN297032.1|	N/A	9606	100.000	107	0	0	1	107	856	750	1.80e-46	198
e7240a28d05a52722a7570029c9a880b	gi|1543384086|ref|NG_016607.2|	N/A	9606	100.000	107	0	0	1	107	2157	2051	1.80e-46	198
e7240a28d05a52722a7570029c9a880b	gi|1043092467|gb|KU308548.1|	N/A	37012	100.000	107	0	0	1	107	509	615	1.80e-46	198
e7240a28d05a52722a7570029c9a880b	gi|1043092453|gb|KU308547.1|	N/A	37012	100.000	107	0	0	1	107	515	621	1.80e-46	198
e7240a28d05a52722a7570029c9a880b	gi|1043092439|gb|KU308546.1|	N/A	37012	100.000	107	0	0	1	107	509	615	1.80e-46	198
e7240a28d05a52722a7570029c9a880b	gi|1043092425|gb|KU308545.1|	N/A	37012	100.000	107	0	0	1	107	509	615	1.80e-46	198
e7240a28d05a52722a7570029c9a880b	gi|1043092411|gb|KU308544.1|	N/A	37012	100.000	107	0	0	1	107	512	618	1.80e-46	198
e7240a28d05a52722a7570029c9a880b	gi|2209200980|gb|MW803833.1|	N/A	9606	100.000	107	0	0	1	107	277	171	1.80e-46	198
680475954df3011ebba1033f1b2f2a86	gi|1515576549|gb|MH377834.1|	N/A	1266880	100.000	106	0	0	1	106	187	292	6.39e-46	196
680475954df3011ebba1033f1b2f2a86	gi|2587933562|ref|NC_083037.1|	N/A	1266880	100.000	106	0	0	1	106	508	613	6.39e-46	196
c030ecad0cd0504068af5f150dc7b103	gi|2582032125|gb|OR603891.1|	N/A	740938	100.000	106	0	0	1	106	440	545	6.39e-46	196
c030ecad0cd0504068af5f150dc7b103	gi|2587926677|ref|NC_082797.1|	N/A	2996727	100.000	106	0	0	1	106	507	612	6.39e-46	196
c030ecad0cd0504068af5f150dc7b103	gi|2587926536|ref|NC_082787.1|	N/A	255553	100.000	106	0	0	1	106	506	611	6.39e-46	196
c030ecad0cd0504068af5f150dc7b103	gi|2587926522|ref|NC_082786.1|	N/A	1176151	100.000	106	0	0	1	106	507	612	6.39e-46	196
c030ecad0cd0504068af5f150dc7b103	gi|2587926438|ref|NC_082780.1|	N/A	573213	100.000	106	0	0	1	106	506	611	6.39e-46	196
c030ecad0cd0504068af5f150dc7b103	gi|2314981980|ref|NC_066929.1|	N/A	320617	100.000	106	0	0	1	106	505	610	6.39e-46	196
c030ecad0cd0504068af5f150dc7b103	gi|2264236692|dbj|LC717523.1|	N/A	239743	100.000	106	0	0	1	106	377	482	6.39e-46	196
c030ecad0cd0504068af5f150dc7b103	gi|2186300505|dbj|LC677339.1|	N/A	476918	100.000	106	0	0	1	106	377	482	6.39e-46	196
c030ecad0cd0504068af5f150dc7b103	gi|2183321081|dbj|LC672512.1|	N/A	980339	100.000	106	0	0	1	106	377	482	6.39e-46	196
c030ecad0cd0504068af5f150dc7b103	gi|2183321079|dbj|LC672510.1|	N/A	239743	100.000	106	0	0	1	106	377	482	6.39e-46	196
328c47e95c8b6a4e6e3c7a3700045d71	gi|295809454|emb|FN674005.1|	N/A	9606	100.000	109	0	0	1	109	532	640	1.43e-47	202
328c47e95c8b6a4e6e3c7a3700045d71	gi|114841167|ref|NG_001337.2|	N/A	9606	100.000	109	0	0	1	109	50661	50769	1.43e-47	202
328c47e95c8b6a4e6e3c7a3700045d71	gi|2564750|gb|AF029308.1|HTCRBCHR9	N/A	9606	100.000	109	0	0	1	109	50706	50814	1.43e-47	202
328c47e95c8b6a4e6e3c7a3700045d71	gi|14547259|emb|AL356489.14|	N/A	9606	100.000	109	0	0	1	109	2061	2169	1.43e-47	202
14f5a1d4993cbbaac9426a2ccb964d26	gi|1515576491|gb|MH377776.1|	N/A	8073	100.000	106	0	0	1	106	192	297	6.39e-46	196
14f5a1d4993cbbaac9426a2ccb964d26	gi|2569352339|gb|OR482505.1|	N/A	8073	100.000	106	0	0	1	106	511	616	6.39e-46	196
14f5a1d4993cbbaac9426a2ccb964d26	gi|2569352297|gb|OR482502.1|	N/A	3071817	100.000	106	0	0	1	106	511	616	6.39e-46	196
14f5a1d4993cbbaac9426a2ccb964d26	gi|2569352269|gb|OR482500.1|	N/A	8073	100.000	106	0	0	1	106	511	616	6.39e-46	196
14f5a1d4993cbbaac9426a2ccb964d26	gi|2569351975|gb|OR482479.1|	N/A	8073	100.000	106	0	0	1	106	511	616	6.39e-46	196
14f5a1d4993cbbaac9426a2ccb964d26	gi|56684215|gb|AY700233.1|	N/A	8073	100.000	106	0	0	1	106	441	546	6.39e-46	196
14f5a1d4993cbbaac9426a2ccb964d26	gi|25057142|ref|NC_004380.1|	N/A	8073	100.000	106	0	0	1	106	511	616	6.39e-46	196
a9eda054f583e2a3bc9e14961cd6befc	gi|1535788929|ref|NC_040108.1|	N/A	1443243	100.000	104	0	0	1	104	6153	6256	8.03e-45	193
307c55294ffe3b8aa46fce358d55590e	gi|1547030261|ref|NG_011805.2|	N/A	9606	100.000	107	0	0	1	107	767518	767624	1.80e-46	198
307c55294ffe3b8aa46fce358d55590e	gi|22658009|gb|AC105921.5|	N/A	9606	100.000	107	0	0	1	107	148883	148777	1.80e-46	198
c0a3f3ed23f04247d92740a9502f8b57	gi|2689250211|gb|OR242973.1|	N/A	119637	100.000	108	0	0	1	108	522	629	5.08e-47	200
c0a3f3ed23f04247d92740a9502f8b57	gi|2689250155|gb|OR242969.1|	N/A	119637	100.000	108	0	0	1	108	522	629	5.08e-47	200
c0a3f3ed23f04247d92740a9502f8b57	gi|2689250099|gb|OR242965.1|	N/A	559176	100.000	108	0	0	1	108	522	629	5.08e-47	200
c0a3f3ed23f04247d92740a9502f8b57	gi|2689250043|gb|OR242961.1|	N/A	559176	100.000	108	0	0	1	108	522	629	5.08e-47	200
c0a3f3ed23f04247d92740a9502f8b57	gi|2689250015|gb|OR242959.1|	N/A	666865	100.000	108	0	0	1	108	522	629	5.08e-47	200
c0a3f3ed23f04247d92740a9502f8b57	gi|2689249959|gb|OR242955.1|	N/A	119608	100.000	108	0	0	1	108	522	629	5.08e-47	200
c0a3f3ed23f04247d92740a9502f8b57	gi|2689249945|gb|OR242954.1|	N/A	119608	100.000	108	0	0	1	108	522	629	5.08e-47	200
c0a3f3ed23f04247d92740a9502f8b57	gi|2689249875|gb|OR242949.1|	N/A	243888	100.000	108	0	0	1	108	522	629	5.08e-47	200
c0a3f3ed23f04247d92740a9502f8b57	gi|2689249861|gb|OR242948.1|	N/A	243888	100.000	108	0	0	1	108	522	629	5.08e-47	200
c0a3f3ed23f04247d92740a9502f8b57	gi|2652315790|emb|OZ001766.1|	N/A	1192867	100.000	108	0	0	1	108	520	627	5.08e-47	200
272b952bfc6e84de3e33447c805a19ae	gi|1851979580|gb|MK801690.1|	N/A	13353	100.000	106	0	0	1	106	1263	1368	6.39e-46	196
272b952bfc6e84de3e33447c805a19ae	gi|1812757286|gb|MK548578.1|	N/A	217026	100.000	106	0	0	1	106	1373	1478	6.39e-46	196
272b952bfc6e84de3e33447c805a19ae	gi|2700651612|gb|PP033005.1|	N/A	8232	100.000	106	0	0	1	106	508	613	6.39e-46	196
272b952bfc6e84de3e33447c805a19ae	gi|815930724|gb|KP259551.1|	N/A	13353	100.000	106	0	0	1	106	1353	1458	6.39e-46	196
272b952bfc6e84de3e33447c805a19ae	gi|815930682|gb|KP259548.1|	N/A	217026	100.000	106	0	0	1	106	1349	1454	6.39e-46	196
272b952bfc6e84de3e33447c805a19ae	gi|2580278428|gb|OP057064.2|	N/A	13353	100.000	106	0	0	1	106	507	612	6.39e-46	196
272b952bfc6e84de3e33447c805a19ae	gi|2208847221|gb|ON000352.1|	N/A	8232	100.000	106	0	0	1	106	437	542	6.39e-46	196
272b952bfc6e84de3e33447c805a19ae	gi|2165127919|gb|MW232425.1|	N/A	217026	100.000	106	0	0	1	106	506	611	6.39e-46	196
272b952bfc6e84de3e33447c805a19ae	gi|2165127863|gb|MW232421.1|	N/A	217026	100.000	106	0	0	1	106	506	611	6.39e-46	196
272b952bfc6e84de3e33447c805a19ae	gi|1980526505|ref|NC_052756.1|	N/A	8232	100.000	106	0	0	1	106	508	613	6.39e-46	196
30a623f128fb722f5fc16dbb86582d53	gi|1799624616|gb|MN122931.1|	N/A	7950	100.000	106	0	0	1	106	508	613	6.39e-46	196
30a623f128fb722f5fc16dbb86582d53	gi|1799624602|gb|MN122923.1|	N/A	196075	100.000	106	0	0	1	106	509	614	6.39e-46	196
30a623f128fb722f5fc16dbb86582d53	gi|1785468125|gb|MN844083.1|	N/A	196075	100.000	106	0	0	1	106	20	125	6.39e-46	196
30a623f128fb722f5fc16dbb86582d53	gi|1785468124|gb|MN844082.1|	N/A	7950	100.000	106	0	0	1	106	20	125	6.39e-46	196
30a623f128fb722f5fc16dbb86582d53	gi|2578658393|emb|OY735306.1|	N/A	196075	100.000	106	0	0	1	106	509	614	6.39e-46	196
30a623f128fb722f5fc16dbb86582d53	gi|2018537050|gb|MW818211.1|	N/A	7950	100.000	106	0	0	1	106	439	544	6.39e-46	196
30a623f128fb722f5fc16dbb86582d53	gi|2018537049|gb|MW818210.1|	N/A	7950	100.000	106	0	0	1	106	439	544	6.39e-46	196
30a623f128fb722f5fc16dbb86582d53	gi|426260619|gb|KC193777.1|	N/A	7950	100.000	106	0	0	1	106	508	613	6.39e-46	196
30a623f128fb722f5fc16dbb86582d53	gi|1861284495|gb|MN539968.1|	N/A	7950	100.000	106	0	0	1	106	1	106	6.39e-46	196
30a623f128fb722f5fc16dbb86582d53	gi|1861284476|gb|MN539949.1|	N/A	196075	100.000	106	0	0	1	106	1	106	6.39e-46	196
0d61d4b7de48593109f5d112ed91948a	gi|2707805407|gb|OQ924188.2|	N/A	9913	100.000	105	0	0	1	105	863	967	2.33e-45	195
0d61d4b7de48593109f5d112ed91948a	gi|2707805403|gb|OQ924182.2|	N/A	9913	100.000	105	0	0	1	105	863	967	2.33e-45	195
0d61d4b7de48593109f5d112ed91948a	gi|2698116971|gb|OQ924187.1|	N/A	9913	100.000	105	0	0	1	105	863	967	2.33e-45	195
0d61d4b7de48593109f5d112ed91948a	gi|2698116957|gb|OQ924186.1|	N/A	9913	100.000	105	0	0	1	105	863	967	2.33e-45	195
0d61d4b7de48593109f5d112ed91948a	gi|2698116943|gb|OQ924185.1|	N/A	9913	100.000	105	0	0	1	105	863	967	2.33e-45	195
0d61d4b7de48593109f5d112ed91948a	gi|2698116929|gb|OQ924184.1|	N/A	9913	100.000	105	0	0	1	105	863	967	2.33e-45	195
0d61d4b7de48593109f5d112ed91948a	gi|2698116887|gb|OQ924181.1|	N/A	9913	100.000	105	0	0	1	105	863	967	2.33e-45	195
0d61d4b7de48593109f5d112ed91948a	gi|2689264428|gb|OR639848.1|	N/A	9915	100.000	105	0	0	1	105	13494	13598	2.33e-45	195
0d61d4b7de48593109f5d112ed91948a	gi|2656632396|gb|PP155642.1|	N/A	9913	100.000	105	0	0	1	105	864	968	2.33e-45	195
0d61d4b7de48593109f5d112ed91948a	gi|2647229902|emb|OY997260.1|	N/A	9913	100.000	105	0	0	1	105	3511	3615	2.33e-45	195
9e675ac5875629aa62e1afaedb00fbb9	gi|1548994295|gb|CP034499.1|	N/A	111789	100.000	107	0	0	1	107	55875633	55875527	1.80e-46	198
9e675ac5875629aa62e1afaedb00fbb9	gi|2634424563|gb|CP139522.1|	N/A	9606	100.000	107	0	0	1	107	59096265	59096159	1.80e-46	198
9e675ac5875629aa62e1afaedb00fbb9	gi|2634358153|gb|CP139545.1|	N/A	9606	100.000	107	0	0	1	107	59952554	59952448	1.80e-46	198
9e675ac5875629aa62e1afaedb00fbb9	gi|1026346695|ref|NG_047090.1|	N/A	9606	100.000	107	0	0	1	107	14489	14383	1.80e-46	198
9e675ac5875629aa62e1afaedb00fbb9	gi|2033716719|gb|CP068258.2|	N/A	9606	100.000	107	0	0	1	107	59138332	59138226	1.80e-46	198
9e675ac5875629aa62e1afaedb00fbb9	gi|1909942461|dbj|AP023480.1|	N/A	9606	100.000	107	0	0	1	107	55427124	55427018	1.80e-46	198
9e675ac5875629aa62e1afaedb00fbb9	gi|95147662|emb|AL109955.38|HSJ800J21	N/A	9606	100.000	107	0	0	1	107	1590	1484	1.80e-46	198
9f2355fd161fec0177a83045e771a239	gi|2373975411|gb|OP035108.1|	N/A	173322	100.000	106	0	0	1	106	507	612	6.39e-46	196
2a52f7d018e355b8ac6752d8dfb7eee6	gi|1129799456|gb|KX686078.1|	N/A	161586	100.000	104	0	0	1	104	189	292	8.03e-45	193
2a52f7d018e355b8ac6752d8dfb7eee6	gi|2095925738|gb|OK172580.1|	N/A	161586	100.000	104	0	0	1	104	432	535	8.03e-45	193
df263dae379496c7e522db8a7dbc01c9	gi|1799624491|gb|MN122853.1|	N/A	13677	100.000	107	0	0	1	107	507	613	1.80e-46	198
df263dae379496c7e522db8a7dbc01c9	gi|1785468160|gb|MN844118.1|	N/A	13677	100.000	107	0	0	1	107	20	126	1.80e-46	198
df263dae379496c7e522db8a7dbc01c9	gi|114217277|dbj|AB241438.1|	N/A	13677	100.000	107	0	0	1	107	3	109	1.80e-46	198
df263dae379496c7e522db8a7dbc01c9	gi|55376093|ref|NC_006398.1|	N/A	13677	100.000	107	0	0	1	107	507	613	1.80e-46	198
df263dae379496c7e522db8a7dbc01c9	gi|4494770|gb|AF055594.1|AF055594	N/A	13677	100.000	107	0	0	1	107	461	567	1.80e-46	198
975b1dbdc7405f6e27bf63893e91e0ed	gi|1129799457|gb|KX686079.1|	N/A	184440	100.000	106	0	0	1	106	191	296	6.39e-46	196
975b1dbdc7405f6e27bf63893e91e0ed	gi|2582032106|gb|OR603872.1|	N/A	184440	100.000	106	0	0	1	106	439	544	6.39e-46	196
975b1dbdc7405f6e27bf63893e91e0ed	gi|2587933800|ref|NC_083055.1|	N/A	184440	100.000	106	0	0	1	106	508	613	6.39e-46	196
de8339905c2655847248b3084379b474	gi|1129799462|gb|KX686084.1|	N/A	224708	100.000	106	0	0	1	106	195	300	6.39e-46	196
de8339905c2655847248b3084379b474	gi|2282237323|gb|OP154163.1|	N/A	224707	100.000	106	0	0	1	106	438	543	6.39e-46	196
fe4a925833d96a18c2fdeac0dd07904e	gi|1825511885|gb|MT103914.1|	N/A	34817	100.000	106	0	0	1	106	281	386	6.39e-46	196
fe4a925833d96a18c2fdeac0dd07904e	gi|1799624449|gb|MN122825.1|	N/A	34817	100.000	106	0	0	1	106	506	611	6.39e-46	196
fe4a925833d96a18c2fdeac0dd07904e	gi|1102318208|gb|KX929898.1|	N/A	34817	100.000	106	0	0	1	106	125	230	6.39e-46	196
fe4a925833d96a18c2fdeac0dd07904e	gi|22532238|gb|AF488478.1|	N/A	8265	100.000	106	0	0	1	106	438	543	6.39e-46	196
fe4a925833d96a18c2fdeac0dd07904e	gi|22532237|gb|AF488477.1|	N/A	34817	100.000	106	0	0	1	106	438	543	6.39e-46	196
282aac0ec13fc675ac82d31f2b3e70e9	gi|1548994296|gb|CP034500.1|	N/A	111789	100.000	107	0	0	1	107	324425	324531	1.80e-46	198
282aac0ec13fc675ac82d31f2b3e70e9	gi|665506106|gb|AC255431.1|	N/A	9606	100.000	107	0	0	1	107	163125	163019	1.80e-46	198
282aac0ec13fc675ac82d31f2b3e70e9	gi|2033716899|gb|CP068257.2|	N/A	9606	100.000	107	0	0	1	107	7591584	7591478	1.80e-46	198
282aac0ec13fc675ac82d31f2b3e70e9	gi|257796344|gb|AC237677.1|	N/A	9606	100.000	107	0	0	1	107	162868	162762	1.80e-46	198
282aac0ec13fc675ac82d31f2b3e70e9	gi|94537070|gb|AC182469.3|	N/A	9598	100.000	107	0	0	1	107	114670	114776	1.80e-46	198
282aac0ec13fc675ac82d31f2b3e70e9	gi|89994810|gb|AC182471.3|	N/A	9598	100.000	107	0	0	1	107	10855	10961	1.80e-46	198
282aac0ec13fc675ac82d31f2b3e70e9	gi|62702113|gb|AC138777.3|	N/A	9606	100.000	107	0	0	1	107	2117	2223	1.80e-46	198
282aac0ec13fc675ac82d31f2b3e70e9	gi|47232523|emb|CR381670.5|	N/A	9606	100.000	107	0	0	1	107	90070	90176	1.80e-46	198
282aac0ec13fc675ac82d31f2b3e70e9	gi|37718657|emb|BX571672.10|	N/A	9606	100.000	107	0	0	1	107	125885	125779	1.80e-46	198
282aac0ec13fc675ac82d31f2b3e70e9	gi|29500524|emb|BX004987.9|	N/A	9606	100.000	107	0	0	1	107	1957	2063	1.80e-46	198
61432c8c6352f55f3267244221ae77ae	gi|2714808891|gb|PP620825.1|	N/A	34816	100.000	106	0	0	1	106	202	307	6.39e-46	196
61432c8c6352f55f3267244221ae77ae	gi|2483755352|gb|OQ793758.1|	N/A	34816	100.000	106	0	0	1	106	444	549	6.39e-46	196
61432c8c6352f55f3267244221ae77ae	gi|2325478288|gb|OM736848.1|	N/A	34816	100.000	106	0	0	1	106	512	617	6.39e-46	196
61432c8c6352f55f3267244221ae77ae	gi|301353478|ref|NC_014353.1|	N/A	34816	100.000	106	0	0	1	106	512	617	6.39e-46	196
2d0506c060ee125f6608b52f22e598b1	gi|1547044249|ref|NG_016423.2|	N/A	9606	100.000	107	0	0	1	107	306193	306087	1.80e-46	198
2d0506c060ee125f6608b52f22e598b1	gi|16751509|dbj|AP003461.2|	N/A	9606	100.000	107	0	0	1	107	17150	17044	1.80e-46	198
7950b1078efc076defba9c936b970ef7	gi|1548994291|gb|CP034495.1|	N/A	111789	100.000	107	0	0	1	107	19502377	19502483	1.80e-46	198
7950b1078efc076defba9c936b970ef7	gi|2634424567|gb|CP139526.1|	N/A	9606	100.000	107	0	0	1	107	19392915	19393021	1.80e-46	198
7950b1078efc076defba9c936b970ef7	gi|2033714910|gb|CP068261.2|	N/A	9606	100.000	107	0	0	1	107	19547217	19547323	1.80e-46	198
7950b1078efc076defba9c936b970ef7	gi|1909942458|dbj|AP023477.1|	N/A	9606	100.000	107	0	0	1	107	19778918	19779024	1.80e-46	198
7950b1078efc076defba9c936b970ef7	gi|20800363|gb|AC025627.13|	N/A	9606	100.000	107	0	0	1	107	128233	128339	1.80e-46	198
7950b1078efc076defba9c936b970ef7	gi|2634358191|gb|CP139549.1|	N/A	9606	100.000	106	0	0	2	107	19559427	19559532	6.48e-46	196
8726f0690748a0d7318c782029077e62	gi|1548994292|gb|CP034496.1|	N/A	111789	100.000	101	0	0	1	101	59531995	59531895	3.63e-43	187
8726f0690748a0d7318c782029077e62	gi|2634424566|gb|CP139525.1|	N/A	9606	100.000	101	0	0	1	101	60684342	60684242	3.63e-43	187
8726f0690748a0d7318c782029077e62	gi|2634358190|gb|CP139548.1|	N/A	9606	100.000	101	0	0	1	101	62315727	62315627	3.63e-43	187
8726f0690748a0d7318c782029077e62	gi|2033714914|gb|CP068260.2|	N/A	9606	100.000	101	0	0	1	101	62078603	62078503	3.63e-43	187
8726f0690748a0d7318c782029077e62	gi|1909942459|dbj|AP023478.1|	N/A	9606	100.000	101	0	0	1	101	59332110	59332010	3.63e-43	187
8726f0690748a0d7318c782029077e62	gi|328926779|emb|FR846971.1|	N/A	9606	100.000	101	0	0	1	101	329	229	3.63e-43	187
8726f0690748a0d7318c782029077e62	gi|22532626|gb|AC105183.8|	N/A	9606	100.000	101	0	0	1	101	94840	94740	3.63e-43	187
3d31352a264c791e0b7998150b37350a	gi|295809508|emb|FN674059.1|	N/A	9606	100.000	107	0	0	1	107	247	353	1.80e-46	198
3d31352a264c791e0b7998150b37350a	gi|20334498|gb|AC112650.2|	N/A	9606	100.000	107	0	0	1	107	94368	94474	1.80e-46	198
f392b65ac61ca907edf915aa1ad3b6c6	gi|2634424561|gb|CP139521.1|	N/A	9606	100.000	107	0	0	1	107	8231162	8231268	1.80e-46	198
f392b65ac61ca907edf915aa1ad3b6c6	gi|2033711141|gb|CP068263.2|	N/A	9606	100.000	107	0	0	1	107	4795502	4795608	1.80e-46	198
f392b65ac61ca907edf915aa1ad3b6c6	gi|300069073|gb|AC241530.2|	N/A	9606	100.000	107	0	0	1	107	8103	7997	1.80e-46	198
f392b65ac61ca907edf915aa1ad3b6c6	gi|33457004|emb|AL354822.8|	N/A	9606	100.000	107	0	0	1	107	17098	17204	1.80e-46	198
