6a9c2d5770b6e78ca3450f62d67b08fc	Ammodytes_americanus	100.000	106	0	0	1	106	505	610	8.87e-50	196
6a9c2d5770b6e78ca3450f62d67b08fc	Ammodytes_dubius	100.000	106	0	0	1	106	505	610	8.87e-50	196
6a9c2d5770b6e78ca3450f62d67b08fc	Ammodytes_americanus	100.000	106	0	0	1	106	505	610	8.87e-50	196
6a9c2d5770b6e78ca3450f62d67b08fc	Ammodytes_dubius	100.000	106	0	0	1	106	505	610	8.87e-50	196
28e394867578f85b7855d2f9e4df951b	Stenotomus_chrysops	100.000	106	0	0	1	106	192	297	8.87e-50	196
57e83a29cfecdba4509d02c3e9d610a3	Merluccius_bilinearis	100.000	106	0	0	1	106	193	298	8.87e-50	196
a4bfec56d00b2741e09bd9ec98bd80ae	Anchoa_mitchilli	100.000	106	0	0	1	106	158	263	8.87e-50	196
ea364c182199815b78fc2630a9b4d6be	Pristipomoides_typus	100.000	107	0	0	1	107	31	137	2.50e-50	198
ea364c182199815b78fc2630a9b4d6be	Caesio_cuning	100.000	107	0	0	1	107	31	137	2.50e-50	198
b98d245c042075fa94c4a01ffd4f9db8	Peprilus_triacanthus	100.000	106	0	0	1	106	189	294	8.87e-50	196
1186c621e048e637a49024762b3750e7	Pseudopleuronectes_yokohamae	100.000	106	0	0	1	106	506	611	8.87e-50	196
1186c621e048e637a49024762b3750e7	Pseudopleuronectes_americanus	100.000	106	0	0	1	106	281	386	8.87e-50	196
1186c621e048e637a49024762b3750e7	Myzopsetta_ferruginea	100.000	106	0	0	1	106	281	386	8.87e-50	196
1186c621e048e637a49024762b3750e7	Pleuronectes_platessa	100.000	106	0	0	1	106	20	125	8.87e-50	196
1186c621e048e637a49024762b3750e7	Limanda_limanda	100.000	106	0	0	1	106	20	125	8.87e-50	196
1186c621e048e637a49024762b3750e7	Platichthys_flesus	100.000	106	0	0	1	106	20	125	8.87e-50	196
1186c621e048e637a49024762b3750e7	Limanda_limanda	100.000	106	0	0	1	106	506	611	8.87e-50	196
1186c621e048e637a49024762b3750e7	Limanda_sakhalinensis	100.000	106	0	0	1	106	191	296	8.87e-50	196
1186c621e048e637a49024762b3750e7	Limanda_sakhalinensis	100.000	106	0	0	1	106	191	296	8.87e-50	196
1186c621e048e637a49024762b3750e7	Limanda_sakhalinensis	100.000	106	0	0	1	106	191	296	8.87e-50	196
08bd987bd944513cc896ab3b3c3eed38	Hippoglossina_oblonga	100.000	106	0	0	1	106	193	298	8.87e-50	196
9e985443e4cd6cdec8bd0d1d325c53d9	Urophycis_tenuis	100.000	107	0	0	1	107	256	362	2.50e-50	198
9e985443e4cd6cdec8bd0d1d325c53d9	Urophycis_chuss	100.000	107	0	0	1	107	156	262	2.50e-50	198
9e985443e4cd6cdec8bd0d1d325c53d9	Urophycis_tenuis	100.000	107	0	0	1	107	156	262	2.50e-50	198
9e985443e4cd6cdec8bd0d1d325c53d9	Urophycis_regia	100.000	107	0	0	1	107	155	261	2.50e-50	198
c9bb5d5fc530c1dca2f73a53bb77141c	Gadus_morhua	100.000	106	0	0	1	106	511	616	8.87e-50	196
c9bb5d5fc530c1dca2f73a53bb77141c	Gadus_macrocephalus	100.000	106	0	0	1	106	511	616	8.87e-50	196
c9bb5d5fc530c1dca2f73a53bb77141c	Arctogadus_glacialis	100.000	106	0	0	1	106	512	617	8.87e-50	196
c9bb5d5fc530c1dca2f73a53bb77141c	Merlangius_merlangus	100.000	106	0	0	1	106	512	617	8.87e-50	196
c9bb5d5fc530c1dca2f73a53bb77141c	Gadus_chalcogrammus	100.000	106	0	0	1	106	512	617	8.87e-50	196
c9bb5d5fc530c1dca2f73a53bb77141c	Gadus_morhua	100.000	106	0	0	1	106	511	616	8.87e-50	196
c9bb5d5fc530c1dca2f73a53bb77141c	Gadus_morhua	100.000	106	0	0	1	106	511	616	8.87e-50	196
c9bb5d5fc530c1dca2f73a53bb77141c	Gadus_chalcogrammus	100.000	106	0	0	1	106	512	617	8.87e-50	196
c9bb5d5fc530c1dca2f73a53bb77141c	Gadus_chalcogrammus	100.000	106	0	0	1	106	512	617	8.87e-50	196
c9bb5d5fc530c1dca2f73a53bb77141c	Gadus_chalcogrammus	100.000	106	0	0	1	106	512	617	8.87e-50	196
80b85e59cacd34b78608c1ae7eef2c61	Fundulus_heteroclitus	100.000	105	0	0	1	105	506	610	3.15e-49	195
80b85e59cacd34b78608c1ae7eef2c61	Fundulus_heteroclitus	100.000	105	0	0	1	105	190	294	3.15e-49	195
80b85e59cacd34b78608c1ae7eef2c61	Fundulus_heteroclitus	100.000	105	0	0	1	105	190	294	3.15e-49	195
80b85e59cacd34b78608c1ae7eef2c61	Fundulus_heteroclitus	100.000	105	0	0	1	105	190	294	3.15e-49	195
80b85e59cacd34b78608c1ae7eef2c61	Fundulus_heteroclitus	100.000	105	0	0	1	105	190	294	3.15e-49	195
80b85e59cacd34b78608c1ae7eef2c61	Fundulus_heteroclitus	100.000	105	0	0	1	105	506	610	3.15e-49	195
80b85e59cacd34b78608c1ae7eef2c61	Fundulus_heteroclitus	100.000	105	0	0	1	105	506	610	3.15e-49	195
80b85e59cacd34b78608c1ae7eef2c61	Fundulus_heteroclitus	100.000	105	0	0	1	105	506	610	3.15e-49	195
80b85e59cacd34b78608c1ae7eef2c61	Fundulus_heteroclitus	100.000	105	0	0	1	105	506	610	3.15e-49	195
80b85e59cacd34b78608c1ae7eef2c61	Fundulus_heteroclitus	100.000	105	0	0	1	105	506	610	3.15e-49	195
f330e9fc8ac0b4fa01bf42c732e0c211	Cynoscion_regalis	100.000	106	0	0	1	106	191	296	8.87e-50	196
f330e9fc8ac0b4fa01bf42c732e0c211	Cynoscion_arenarius	100.000	104	0	0	3	106	19	122	1.15e-48	193
b4f42eade7a87f2cd8f3968640d83f97	Paralichthys_adspersus	100.000	106	0	0	1	106	507	612	8.87e-50	196
b4f42eade7a87f2cd8f3968640d83f97	Paralichthys_dentatus	100.000	106	0	0	1	106	506	611	8.87e-50	196
b4f42eade7a87f2cd8f3968640d83f97	Paralichthys_adspersus	100.000	106	0	0	1	106	507	612	8.87e-50	196
b4f42eade7a87f2cd8f3968640d83f97	Paralichthys_dentatus	100.000	106	0	0	1	106	506	611	8.87e-50	196
b4f42eade7a87f2cd8f3968640d83f97	Paralichthys_dentatus	100.000	106	0	0	1	106	438	543	8.87e-50	196
be673ad467ff44bc0abd3bb295454550	Scophthalmus_aquosus	100.000	104	0	0	1	104	281	384	1.12e-48	193
be673ad467ff44bc0abd3bb295454550	Scophthalmus_aquosus	100.000	104	0	0	1	104	192	295	1.12e-48	193
4feb4cae27c142cc61d49716415710bb	Euthynnus_affinis	100.000	106	0	0	1	106	507	612	8.87e-50	196
4feb4cae27c142cc61d49716415710bb	Katsuwonus_pelamis	100.000	106	0	0	1	106	507	612	8.87e-50	196
4feb4cae27c142cc61d49716415710bb	Euthynnus_alletteratus	100.000	106	0	0	1	106	506	611	8.87e-50	196
4feb4cae27c142cc61d49716415710bb	Euthynnus_affinis	100.000	106	0	0	1	106	507	612	8.87e-50	196
4feb4cae27c142cc61d49716415710bb	Katsuwonus_pelamis	100.000	106	0	0	1	106	507	612	8.87e-50	196
4feb4cae27c142cc61d49716415710bb	Katsuwonus_pelamis	100.000	106	0	0	1	106	507	612	8.87e-50	196
4feb4cae27c142cc61d49716415710bb	Katsuwonus_pelamis	100.000	106	0	0	1	106	1360	1465	8.87e-50	196
4feb4cae27c142cc61d49716415710bb	Euthynnus_alletteratus	100.000	106	0	0	1	106	506	611	8.87e-50	196
4feb4cae27c142cc61d49716415710bb	Katsuwonus_pelamis	100.000	106	0	0	1	106	3	108	8.87e-50	196
4feb4cae27c142cc61d49716415710bb	Euthynnus_alletteratus	100.000	106	0	0	1	106	3	108	8.87e-50	196
8961e2d14d8b0510763256de80a000a2	Alosa_aestivalis	100.000	106	0	0	1	106	507	612	8.87e-50	196
8961e2d14d8b0510763256de80a000a2	Alosa_mediocris	100.000	106	0	0	1	106	507	612	8.87e-50	196
8961e2d14d8b0510763256de80a000a2	Alosa_alabamae	100.000	106	0	0	1	106	508	613	8.87e-50	196
8961e2d14d8b0510763256de80a000a2	Alosa_sapidissima	100.000	106	0	0	1	106	508	613	8.87e-50	196
8961e2d14d8b0510763256de80a000a2	Alosa_pseudoharengus	100.000	106	0	0	1	106	507	612	8.87e-50	196
8961e2d14d8b0510763256de80a000a2	Alosa_alosa	100.000	106	0	0	1	106	507	612	8.87e-50	196
8961e2d14d8b0510763256de80a000a2	Alosa_aestivalis	100.000	106	0	0	1	106	507	612	8.87e-50	196
8961e2d14d8b0510763256de80a000a2	Alosa_sapidissima	100.000	106	0	0	1	106	196	301	8.87e-50	196
8961e2d14d8b0510763256de80a000a2	Alosa_sapidissima	100.000	106	0	0	1	106	196	301	8.87e-50	196
8961e2d14d8b0510763256de80a000a2	Alosa_mediocris	100.000	106	0	0	1	106	191	296	8.87e-50	196
bcbd43d985c17b122ecef7c3c46ae4d1	Pomatomus_saltatrix	100.000	108	0	0	1	108	514	621	7.02e-51	200
bcbd43d985c17b122ecef7c3c46ae4d1	Pomatomus_saltatrix	100.000	108	0	0	1	108	445	552	7.02e-51	200
bcbd43d985c17b122ecef7c3c46ae4d1	Pomatomus_saltatrix	100.000	108	0	0	1	108	514	621	7.02e-51	200
0c345c9a2aa92abab556aa04441cf718	Brevoortia_tyrannus	100.000	106	0	0	1	106	506	611	8.87e-50	196
0c345c9a2aa92abab556aa04441cf718	Brevoortia_tyrannus	100.000	106	0	0	1	106	195	300	8.87e-50	196
0c345c9a2aa92abab556aa04441cf718	Brevoortia_tyrannus	100.000	106	0	0	1	106	159	264	8.87e-50	196
0c345c9a2aa92abab556aa04441cf718	Brevoortia_tyrannus	100.000	106	0	0	1	106	506	611	8.87e-50	196
2c9521bc9659f75133d08270bc0050e0	Cololabis_saira	100.000	106	0	0	1	106	506	611	8.87e-50	196
2c9521bc9659f75133d08270bc0050e0	Cololabis_saira	100.000	106	0	0	1	106	506	611	8.87e-50	196
2c9521bc9659f75133d08270bc0050e0	Cololabis_saira	100.000	101	0	0	6	106	1	101	5.34e-47	187
7ec4dbc3399f639d994fdc65a1b6810e	Tautoga_onitis	100.000	106	0	0	1	106	191	296	8.87e-50	196
7ec4dbc3399f639d994fdc65a1b6810e	Tautoga_onitis	100.000	106	0	0	1	106	191	296	8.87e-50	196
7ec4dbc3399f639d994fdc65a1b6810e	Tautoga_onitis	100.000	106	0	0	1	106	457	562	8.87e-50	196
7ec4dbc3399f639d994fdc65a1b6810e	Tautoga_onitis	100.000	106	0	0	1	106	438	543	8.87e-50	196
90781ed131f662c3e5517f2b027624ba	Citharichthys_arctifrons	100.000	107	0	0	1	107	192	298	2.50e-50	198
90781ed131f662c3e5517f2b027624ba	Citharichthys_arctifrons	100.000	107	0	0	1	107	192	298	2.50e-50	198
d26fe7b35e96761f43efea7dd9e9d99f	Anguilla_rostrata	100.000	106	0	0	1	106	505	610	8.87e-50	196
d26fe7b35e96761f43efea7dd9e9d99f	Anguilla_mossambica	100.000	106	0	0	1	106	507	612	8.87e-50	196
d26fe7b35e96761f43efea7dd9e9d99f	Anguilla_malgumora	100.000	106	0	0	1	106	505	610	8.87e-50	196
d26fe7b35e96761f43efea7dd9e9d99f	Anguilla_bicolor	100.000	106	0	0	1	106	505	610	8.87e-50	196
d26fe7b35e96761f43efea7dd9e9d99f	Anguilla_bicolor	100.000	106	0	0	1	106	505	610	8.87e-50	196
d26fe7b35e96761f43efea7dd9e9d99f	Anguilla_australis	100.000	106	0	0	1	106	506	611	8.87e-50	196
d26fe7b35e96761f43efea7dd9e9d99f	Anguilla_australis	100.000	106	0	0	1	106	505	610	8.87e-50	196
d26fe7b35e96761f43efea7dd9e9d99f	Anguilla_anguilla	100.000	106	0	0	1	106	507	612	8.87e-50	196
d26fe7b35e96761f43efea7dd9e9d99f	Anguilla_rostrata	100.000	106	0	0	1	106	505	610	8.87e-50	196
d26fe7b35e96761f43efea7dd9e9d99f	Anguilla_anguilla	100.000	106	0	0	1	106	507	612	8.87e-50	196
641bcfcf840a10f05ff148673284c4bb	Liparis_gibbus	100.000	106	0	0	1	106	281	386	8.87e-50	196
641bcfcf840a10f05ff148673284c4bb	Liparis_gibbus	100.000	106	0	0	1	106	281	386	8.87e-50	196
641bcfcf840a10f05ff148673284c4bb	Liparis_gibbus	100.000	106	0	0	1	106	281	386	8.87e-50	196
641bcfcf840a10f05ff148673284c4bb	Liparis_ochotensis	100.000	106	0	0	1	106	506	611	8.87e-50	196
641bcfcf840a10f05ff148673284c4bb	Liparis_ochotensis	100.000	106	0	0	1	106	505	610	8.87e-50	196
ed00c11476e9a07d3441cb0a1073d3ab	Etropus_microstomus	100.000	107	0	0	1	107	436	542	2.50e-50	198
680475954df3011ebba1033f1b2f2a86	Prionotus_carolinus	100.000	106	0	0	1	106	187	292	8.87e-50	196
c030ecad0cd0504068af5f150dc7b103	Dasycottus_setiger	100.000	106	0	0	1	106	508	613	8.87e-50	196
c030ecad0cd0504068af5f150dc7b103	Myoxocephalus_quadricornis	100.000	106	0	0	1	106	505	610	8.87e-50	196
c030ecad0cd0504068af5f150dc7b103	Gymnocanthus_tricuspis	100.000	106	0	0	1	106	506	611	8.87e-50	196
c030ecad0cd0504068af5f150dc7b103	Myoxocephalus_jaok	100.000	106	0	0	1	106	506	611	8.87e-50	196
c030ecad0cd0504068af5f150dc7b103	Cottiusculus_nihonkaiensis	100.000	106	0	0	1	106	508	613	8.87e-50	196
c030ecad0cd0504068af5f150dc7b103	Myoxocephalus_scorpius	100.000	106	0	0	1	106	506	611	8.87e-50	196
c030ecad0cd0504068af5f150dc7b103	Gymnocanthus_herzensteini	100.000	106	0	0	1	106	506	611	8.87e-50	196
c030ecad0cd0504068af5f150dc7b103	Gymnocanthus_intermedius	100.000	106	0	0	1	106	507	612	8.87e-50	196
c030ecad0cd0504068af5f150dc7b103	Icelus_spatula	100.000	106	0	0	1	106	505	610	8.87e-50	196
c030ecad0cd0504068af5f150dc7b103	Enophrys_diceraus	100.000	106	0	0	1	106	506	611	8.87e-50	196
14f5a1d4993cbbaac9426a2ccb964d26	Lophius_americanus	100.000	106	0	0	1	106	511	616	8.87e-50	196
14f5a1d4993cbbaac9426a2ccb964d26	Lophius_americanus	100.000	106	0	0	1	106	192	297	8.87e-50	196
14f5a1d4993cbbaac9426a2ccb964d26	Lophius_americanus	100.000	106	0	0	1	106	441	546	8.87e-50	196
14f5a1d4993cbbaac9426a2ccb964d26	Lophius_americanus	100.000	106	0	0	1	106	511	616	8.87e-50	196
272b952bfc6e84de3e33447c805a19ae	Sarda_sarda	100.000	106	0	0	1	106	508	613	8.87e-50	196
272b952bfc6e84de3e33447c805a19ae	Auxis_thazard	100.000	106	0	0	1	106	504	609	8.87e-50	196
272b952bfc6e84de3e33447c805a19ae	Auxis_rochei	100.000	106	0	0	1	106	502	607	8.87e-50	196
272b952bfc6e84de3e33447c805a19ae	Sarda_sarda	100.000	106	0	0	1	106	508	613	8.87e-50	196
272b952bfc6e84de3e33447c805a19ae	Auxis_thazard	100.000	106	0	0	1	106	1263	1368	8.87e-50	196
272b952bfc6e84de3e33447c805a19ae	Auxis_rochei	100.000	106	0	0	1	106	1373	1478	8.87e-50	196
272b952bfc6e84de3e33447c805a19ae	Auxis_thazard	100.000	106	0	0	1	106	1353	1458	8.87e-50	196
272b952bfc6e84de3e33447c805a19ae	Auxis_rochei	100.000	106	0	0	1	106	1349	1454	8.87e-50	196
272b952bfc6e84de3e33447c805a19ae	Auxis_rochei	100.000	106	0	0	1	106	506	611	8.87e-50	196
272b952bfc6e84de3e33447c805a19ae	Auxis_rochei	100.000	106	0	0	1	106	22	127	8.87e-50	196
30a623f128fb722f5fc16dbb86582d53	Sprattus_sprattus	100.000	106	0	0	1	106	509	614	8.87e-50	196
30a623f128fb722f5fc16dbb86582d53	Clupea_pallasii	100.000	106	0	0	1	106	508	613	8.87e-50	196
30a623f128fb722f5fc16dbb86582d53	Sprattus_sprattus	100.000	106	0	0	1	106	20	125	8.87e-50	196
30a623f128fb722f5fc16dbb86582d53	Clupea_harengus	100.000	106	0	0	1	106	20	125	8.87e-50	196
30a623f128fb722f5fc16dbb86582d53	Clupea_harengus	100.000	106	0	0	1	106	1	106	8.87e-50	196
30a623f128fb722f5fc16dbb86582d53	Sprattus_sprattus	100.000	106	0	0	1	106	1	106	8.87e-50	196
30a623f128fb722f5fc16dbb86582d53	Clupea_harengus	100.000	106	0	0	1	106	508	613	8.87e-50	196
30a623f128fb722f5fc16dbb86582d53	Sprattus_sprattus	100.000	106	0	0	1	106	509	614	8.87e-50	196
30a623f128fb722f5fc16dbb86582d53	Clupea_harengus	100.000	106	0	0	1	106	508	613	8.87e-50	196
30a623f128fb722f5fc16dbb86582d53	Clupea_harengus	100.000	106	0	0	1	106	508	613	8.87e-50	196
2a52f7d018e355b8ac6752d8dfb7eee6	Syngnathus_fuscus	100.000	104	0	0	1	104	189	292	1.12e-48	193
df263dae379496c7e522db8a7dbc01c9	Scomber_scombrus	100.000	107	0	0	1	107	507	613	2.50e-50	198
df263dae379496c7e522db8a7dbc01c9	Scomber_scombrus	100.000	107	0	0	1	107	20	126	2.50e-50	198
df263dae379496c7e522db8a7dbc01c9	Scomber_scombrus	100.000	107	0	0	1	107	507	613	2.50e-50	198
df263dae379496c7e522db8a7dbc01c9	Scomber_scombrus	100.000	107	0	0	1	107	3	109	2.50e-50	198
df263dae379496c7e522db8a7dbc01c9	Scomber_scombrus	100.000	107	0	0	1	107	507	613	2.50e-50	198
975b1dbdc7405f6e27bf63893e91e0ed	Centropristis_striata	100.000	106	0	0	1	106	191	296	8.87e-50	196
de8339905c2655847248b3084379b474	Brevoortia_tyrannus	100.000	106	0	0	1	106	195	300	8.87e-50	196
fe4a925833d96a18c2fdeac0dd07904e	Hippoglossoides_platessoides	100.000	106	0	0	1	106	281	386	8.87e-50	196
fe4a925833d96a18c2fdeac0dd07904e	Hippoglossoides_platessoides	100.000	106	0	0	1	106	506	611	8.87e-50	196
fe4a925833d96a18c2fdeac0dd07904e	Hippoglossoides_platessoides	100.000	106	0	0	1	106	125	230	8.87e-50	196
fe4a925833d96a18c2fdeac0dd07904e	Pseudopleuronectes_americanus	100.000	106	0	0	1	106	438	543	8.87e-50	196
fe4a925833d96a18c2fdeac0dd07904e	Hippoglossoides_platessoides	100.000	106	0	0	1	106	438	543	8.87e-50	196
61432c8c6352f55f3267244221ae77ae	Morone_saxatilis	100.000	106	0	0	1	106	512	617	8.87e-50	196
61432c8c6352f55f3267244221ae77ae	Morone_saxatilis	100.000	106	0	0	1	106	512	617	8.87e-50	196
